           1 -0.330230057    
           2 -0.182677224    
           3 -0.228891313    
           4 -0.131060213    
           5 -0.195799828    
           6  -8.28668177E-02
           7 -0.189468622    
           8  0.299206465    
           9  0.277346730    
          10  0.387683958    
          11  0.417975962    
          12  0.124484159    
          13  -3.79965119E-02
          14  0.232507527    
          15  0.190132320    
          16  0.501351833    
          17  0.140767410    
          18  0.103081241    
          19  0.183915347    
          20 -0.153127521    
          21 -0.142103225    
          22  -7.18215033E-02
          23 -0.143297330    
          24 -0.137906179    
          25 -0.219005749    
          26 -0.438029230    
          27  -4.34312522E-02
          28 -0.280090749    
          29 -0.255097955    
          30 -0.526207983    
          31 -0.484312266    
          32 -0.138770908    
          33 -0.324844569    
          34 -0.397034615    
          35   2.28902400E-02
          36  0.131687507    
          37  0.127462208    
          38 -0.125959486    
          39 -0.369577765    
          40 -0.453059405    
          41 -0.306251168    
          42 -0.233958066    
          43  -5.13949692E-02
          44   8.64041895E-02
          45   3.87365818E-02
          46 -0.280395925    
          47  0.218287393    
          48  0.444788307    
          49  0.230209410    
          50  0.410454780    
          51  0.104862660    
          52 -0.253760278    
          53 -0.485145688    
          54 -0.730157971    
          55 -0.816859245    
          56 -0.737833381    
          57 -0.750413835    
          58 -0.804742455    
          59 -0.625368237    
          60 -0.227563649    
          61 -0.370053589    
          62 -0.133014649    
          63 -0.308096677    
          64   8.11412334E-02
          65   4.20717001E-02
          66  0.485111594    
          67  0.282849997    
          68  0.141965061    
          69  0.360752344    
          70  0.242229402    
          71 -0.138583213    
          72 -0.118115038    
          73  -3.96291651E-02
          74  -5.99011630E-02
          75 -0.119596407    
          76  -9.49558988E-02
          77  -2.65500769E-02
          78   6.55800104E-02
          79  0.223661542    
          80  0.201044485    
          81   9.77339298E-02
          82  0.345343262    
          83  0.598516822    
          84  0.970551968    
          85  0.823451936    
          86  0.787265778    
          87  0.622541785    
          88  0.581673980    
          89  0.174073577    
          90  0.278936148    
          91   5.11770770E-02
          92 -0.165780395    
          93 -0.386488557    
          94 -0.643034816    
          95 -0.756274581    
          96 -0.723860681    
          97 -0.558511257    
          98 -0.294303685    
          99 -0.483871788    
         100 -0.255499065    
         101 -0.134823680    
         102 -0.386786133    
         103 -0.562573493    
         104 -0.688846469    
         105 -0.752572477    
         106  -1.07636929    
         107  -1.18132758    
         108 -0.843948007    
         109 -0.984901667    
         110 -0.585330486    
         111 -0.337909847    
         112 -0.740551949    
         113 -0.357385486    
         114 -0.544387043    
         115 -0.178714246    
         116 -0.191945344    
         117 -0.344252646    
         118  0.145057455    
         119   9.26555842E-02
         120  0.546655178    
         121  0.559691787    
         122  0.514137566    
         123  0.622163057    
         124  0.582382560    
         125  0.720898330    
         126  0.776632905    
         127  0.642024100    
         128  0.289414972    
         129  0.365452766    
         130  0.348794609    
         131  0.518220901    
         132  0.546737850    
         133  0.675180972    
         134  0.588411033    
         135  0.862083912    
         136  0.640159905    
         137  0.668205738    
         138  0.500778377    
         139  0.313253582    
         140  0.163999796    
         141 -0.178822652    
         142 -0.308421135    
         143 -0.222806245    
         144 -0.306868106    
         145 -0.190474048    
         146 -0.340695381    
         147 -0.350961626    
         148 -0.298203230    
         149 -0.463741153    
         150 -0.628927588    
         151 -0.816632807    
         152 -0.615101218    
         153 -0.460250020    
         154 -0.317944378    
         155 -0.264102459    
         156  -5.30357659E-02
         157 -0.333920121    
         158   1.41109675E-02
         159 -0.118374817    
         160 -0.154392362    
         161 -0.240618378    
         162 -0.345606238    
         163 -0.426286966    
         164 -0.568524361    
         165 -0.173032314    
         166 -0.231691688    
         167  0.333428264    
         168  0.581790626    
         169  0.414962500    
         170  0.411409289    
         171  0.762602925    
         172  0.947975814    
         173  0.860374928    
         174  0.546676815    
         175  0.547637761    
         176  0.385922074    
         177  -3.17271948E-02
         178  0.241804749    
         179  0.491136909    
         180 -0.174338982    
         181   2.90950760E-03
         182  -8.39663744E-02
         183 -0.104143232    
         184   3.90757620E-03
         185  0.182704583    
         186  0.471574366    
         187  0.360249341    
         188  0.256517500    
         189  0.433319211    
         190   6.33310676E-02
         191   1.07157230E-03
         192   1.92020088E-02
         193   8.73608515E-02
         194  0.148118034    
         195  0.334960908    
         196  0.232088774    
         197   7.20689371E-02
         198   6.24419227E-02
         199  0.180048078    
         200 -0.494680852    