           1 -0.330230057    
           2 -0.182677224    
           3 -0.230910778    
           4 -0.131060213    
           5 -0.113669336    
           6  -8.28668177E-02
           7   9.51448381E-02
           8  0.299206465    
           9  0.375433266    
          10  0.499936581    
          11  0.417975962    
          12  0.413137376    
          13  0.232582316    
          14  0.322375655    
          15  0.190132320    
          16  0.501351833    
          17  0.518619537    
          18  0.103081241    
          19  0.170576364    
          20 -0.273262799    
          21 -0.142103225    
          22  -9.19410884E-02
          23 -0.380697429    
          24 -0.137906179    
          25 -0.219005749    
          26 -0.329560816    
          27  -4.34312522E-02
          28  -4.24161702E-02
          29 -0.255097955    
          30 -0.430586874    
          31 -0.107584327    
          32 -0.223000109    
          33 -0.324844569    
          34 -0.203767046    
          35   2.28902400E-02
          36   1.09965727E-02
          37  0.127462208    
          38 -0.125959486    
          39 -0.369577765    
          40 -0.453059405    
          41 -0.306251168    
          42 -0.233958066    
          43  0.153098643    
          44 -0.118963346    
          45 -0.377406389    
          46   9.76784527E-02
          47  0.360899866    
          48  0.444788307    
          49  0.230209410    
          50   3.18766832E-02
          51  0.125640035    
          52 -0.253760278    
          53 -0.485145688    
          54 -0.730157971    
          55 -0.815503120    
          56 -0.737833381    
          57 -0.750413835    
          58 -0.698246777    
          59 -0.584819674    
          60 -0.227563649    
          61 -0.325456023    
          62 -0.133014649    
          63 -0.285029054    
          64  0.114636794    
          65  0.104926296    
          66  0.195717186    
          67  0.109882265    
          68  0.141965061    
          69  0.107078642    
          70  0.242229402    
          71 -0.232615530    
          72 -0.118115038    
          73 -0.190228507    
          74 -0.293710709    
          75 -0.523439050    
          76   3.03677395E-02
          77   1.59758255E-02
          78   6.55800104E-02
          79  0.223661542    
          80   6.88897520E-02
          81   9.77339298E-02
          82   1.81145966E-02
          83  0.442378819    
          84  0.639509439    
          85  0.654054642    
          86  0.620274186    
          87  0.506797075    
          88  0.581673980    
          89  0.174073577    
          90  0.278936148    
          91   5.11770770E-02
          92 -0.165780395    
          93 -0.587287784    
          94 -0.387082726    
          95 -0.665036798    
          96 -0.723860681    
          97 -0.558511257    
          98 -0.634891629    
          99 -0.483871788    
         100 -0.373846412    
         101 -0.472067922    
         102 -0.386786133    
         103 -0.434759319    
         104 -0.796520710    
         105 -0.643603086    
         106  -1.07636929    
         107 -0.810308099    
         108 -0.854889870    
         109 -0.926794052    
         110 -0.758402765    
         111 -0.337909847    
         112 -0.740551949    
         113 -0.357385486    
         114 -0.177958161    
         115 -0.178714246    
         116 -0.222984821    
         117 -0.344252646    
         118  0.145057455    
         119  0.539791703    
         120  0.683614016    
         121  0.559691787    
         122  0.514137566    
         123  0.622163057    
         124  0.754726171    
         125  0.686236560    
         126  0.776632905    
         127  0.642024100    
         128  0.289414972    
         129  0.365452766    
         130  0.552949429    
         131  0.708114803    
         132  0.755908132    
         133  0.840695858    
         134  0.792665005    
         135  0.749734402    
         136  0.796967447    
         137  0.668205738    
         138  0.500778377    
         139  0.313253582    
         140  0.163999796    
         141 -0.178822652    
         142 -0.308421135    
         143 -0.222806245    
         144 -0.306868106    
         145 -0.513570070    
         146 -0.340695381    
         147 -0.350961626    
         148 -0.298203230    
         149 -0.463741153    
         150 -0.608050346    
         151 -0.371083587    
         152 -0.310356945    
         153 -0.460250020    
         154 -0.317944378    
         155 -0.502514124    
         156  -5.30357659E-02
         157 -0.333920121    
         158   3.17123309E-02
         159 -0.265097469    
         160 -0.154392362    
         161 -0.240618378    
         162 -0.364241391    
         163 -0.426286966    
         164 -0.467454404    
         165 -0.173032314    
         166   8.27070773E-02
         167  0.333428264    
         168  0.584037542    
         169  0.414962500    
         170  0.411409289    
         171  0.762602925    
         172   1.11133397    
         173  0.860374928    
         174  0.569715202    
         175  0.547637761    
         176  0.385922074    
         177  0.161021754    
         178  0.241804749    
         179  0.491136909    
         180 -0.174338982    
         181 -0.304584593    
         182 -0.346091956    
         183  -9.48265865E-02
         184   3.90757620E-03
         185  0.136752933    
         186   8.80096555E-02
         187  0.404859245    
         188  0.256517500    
         189  0.327738971    
         190   6.33310676E-02
         191   1.07157230E-03
         192   1.92020088E-02
         193   8.73608515E-02
         194   9.32246745E-02
         195  0.334960908    
         196  0.232088774    
         197   7.20689371E-02
         198  0.220150411    
         199   8.71715620E-02
         200 -0.494680852       
         