   1.36991262    
   1.33356929    
   2.40608907    
   1.79995668    
   1.34289730    
   1.58689821    
   1.38553226    
   1.22035313    
   1.51880872    
   1.40965199    
   1.78250551    
   2.62564826    
   3.21695590    
   1.84602678    
   2.53488636    
   2.99610901    
   1.98666871    
   2.48407340    
   1.84929812    
   1.79665828    
   1.20025349    
  0.853872299    
   1.06763899    
  0.995626509    
  0.573456407    
  0.574191570    
  0.260489017    
  0.370141059    
  0.645095110    
  0.600543082    
  0.527422130    
   1.21989560    
   1.36287367    
   1.84066880    
   1.58010340    
   1.80296445    
   1.40664446    
   1.38352740    
   1.88688159    
   2.09917164    
   2.12481165    
   1.68910146    
   1.82385325    
   1.42297149    
   1.68916106    
   1.42325521    
   1.29609919    
   1.95540774    
   1.65663850    
   1.23069346    
   1.26775050    
   2.12123704    
   1.24849880    
  0.852640092    
   1.11074662    
  0.695424139    
  0.731909513    
  0.635350287    
  0.867682874    
  0.636516154    
  0.719871283    
  0.533918023    
   1.19488895    
   1.01311576    
   1.45975125    
   1.51785588    
   1.34178913    
  0.475732386    
  0.552329779    
  0.793189764    
   2.56335521    
   2.14350700    
   1.59519291    
  0.962430716    
   1.05519629    
  0.973778307    
  0.622734189    
  0.916375279    
  0.752781928    
  0.605366766    
  0.454455942    
  0.369125187    
  0.285075635    
  0.263106793    
  0.304997802    
  0.296846956    
  0.917131662    
  0.580531597    
  0.419196159    
  0.492223322    
  0.574448407    
  0.500124991    
   1.02306294    
  0.633840382    
  0.320257604    
  0.357391745    
  0.139030159    
  0.396775544    
  0.233246982    
  0.674267411    
