           1  0.373014271    
           2  0.268778563    
           3  0.435500860    
           4  0.534092426    
           5  0.402289748    
           6  0.330965400    
           7  0.139627233    
           8   7.57272691E-02
           9  0.345197171    
          10  0.198343962    
          11   8.16555917E-02
          12 -0.175793886    
          13 -0.683916748    
          14 -0.517301440    
          15 -0.204845309    
          16 -0.871866405    
          17 -0.326282561    
          18 -0.376962394    
          19 -0.453634143    
          20  0.270334870    
          21   2.14402229E-02
          22  -4.27507311E-02
          23   4.35356051E-02
          24 -0.108115077    
          25 -0.393884987    
          26  -8.43423754E-02
          27  0.252253413    
          28  0.100229383    
          29 -0.107960790    
          30   5.57327271E-03
          31  0.208790839    
          32 -0.192292199    
          33  0.367927551    
          34  0.600982904    
          35  0.304679811    
          36  0.400156111    
          37  0.223206103    
          38  0.165963084    
          39  0.250678182    
          40  0.512774110    
          41  0.657961786    
          42  0.395677090    
          43   9.77083147E-02
          44 -0.323590815    
          45 -0.527822435    
          46 -0.730223179    
          47 -0.410028994    
          48 -0.148723006    
          49 -0.411182314    
          50  0.574462533    
          51 -0.310909450    
          52  -2.14318633E-02
          53  0.147814512    
          54  0.410858423    
          55 -0.348660082    
          56 -0.562690914    
          57   8.89156461E-02
          58  0.412736595    
          59  0.385951787    
          60   1.39995962E-02
          61 -0.116614074    
          62 -0.126786500    
          63 -0.220421076    
          64 -0.211027578    
          65 -0.438025236    
          66 -0.443059742    
          67 -0.299516380    
          68  -8.33074301E-02
          69  0.189292148    
          70  0.284004986    
          71  -2.64395624E-02
          72  -8.07876587E-02
          73  0.401381701    
          74  0.685740650    
          75  0.276138097    
          76 -0.140445203    
          77  0.176467687    
          78  0.242829919    
          79   9.85533595E-02
          80   9.96204168E-02
          81  0.365946144    
          82  0.530843377    
          83  0.302619368    
          84  0.586100578    
          85  0.157205671    
          86 -0.127363414    
          87 -0.259562373    
          88  -5.08012176E-02
          89  0.463923752    
          90  0.361667275    
          91  0.285865009    
          92  0.147371501    
          93  0.264869064    
          94  0.603313446    
          95  0.173917532    
          96  -3.37007940E-02
          97 -0.404643118    
          98 -0.481301546    
          99 -0.760787964    
         100 -0.559231639   
