           1  0.373014271    
           2  0.268778563    
           3  0.435500860    
           4  0.489413202    
           5  0.402289748    
           6  0.330965400    
           7  0.139627233    
           8   7.57272691E-02
           9  0.345197171    
          10  0.249867141    
          11  -8.81542563E-02
          12 -0.175793886    
          13 -0.755114198    
          14 -0.636991739    
          15  -3.66690457E-02
          16 -0.871866405    
          17 -0.326282561    
          18 -0.675890565    
          19 -0.744879484    
          20  0.270334870    
          21  0.267673761    
          22  0.133529335    
          23  -8.81711096E-02
          24  -4.21036631E-02
          25 -0.393884987    
          26  -8.43423754E-02
          27  0.402404845    
          28 -0.332083434    
          29 -0.107960790    
          30  0.105736524    
          31  0.348266959    
          32 -0.390683830    
          33  0.151583165    
          34  0.600982904    
          35  0.304679811    
          36  0.322912216    
          37  0.223206103    
          38  0.165963084    
          39  -6.50469065E-02
          40  0.454374492    
          41  0.775285304    
          42  0.395677090    
          43 -0.272860736    
          44 -0.323590815    
          45 -0.527822435    
          46 -0.730223179    
          47 -0.308936924    
          48 -0.148723006    
          49 -0.411182314    
          50  0.574462533    
          51 -0.310909450    
          52  -2.14318633E-02
          53  0.147814512    
          54  0.854525924    
          55 -0.694144130    
          56 -0.562690914    
          57   8.89156461E-02
          58  0.412736595    
          59  0.401400924    
          60   1.39995962E-02
          61 -0.116614074    
          62 -0.126786500    
          63 -0.220421076    
          64 -0.372356802    
          65 -0.438025236    
          66 -0.443059742    
          67 -0.299516380    
          68  -8.05576146E-03
          69  0.189292148    
          70  0.546758354    
          71 -0.125423849    
          72  -8.07876587E-02
          73  0.401381701    
          74  0.685740650    
          75 -0.154483318    
          76 -0.113637686    
          77  0.176467687    
          78 -0.176305026    
          79   9.85533595E-02
          80   9.96204168E-02
          81  0.321104050    
          82  0.665763617    
          83  0.578199089    
          84  0.586100578    
          85  0.157205671    
          86 -0.462971479    
          87 -0.293589950    
          88  -5.08012176E-02
          89  0.132335961    
          90  0.361667275    
          91   6.72219321E-02
          92  0.147371501    
          93  0.559037447    
          94  0.603313446    
          95 -0.114928789    
          96  0.396512717    
          97 -0.637078583    
          98 -0.481301546    
          99 -0.475996226    
         100 -0.559231639      
