   1.11310959    
   1.11402297    
   1.11283588    
   1.11390901    
   1.11337948    
   1.11409879    
   1.11459529    
   1.11224842    
   1.11340559    
   1.11441636    
   1.11262727    
   1.11167836    
   1.11372435    
   1.11324728    
   1.11237085    
   1.11442101    
   1.11432910    
   1.11502707    
   1.11365807    
   1.11405897    
   1.11305177    
   1.11301720    
   1.11273658    
   1.11439312    
   1.11460757    
   1.11488545    
   1.11279202    
   1.11437976    
   1.11533678    
   1.11345100    
   1.11344337    
   1.11435783    
   1.11302984    
   1.11251211    
   1.11470556    
   1.11286676    
   1.11443949    
   1.11306107    
   1.11314559    
   1.11400521    
   1.11453187    
   1.11374176    
   1.11375034    
   1.11475182    
   1.11312163    
   1.11336279    
   1.11257672    
   1.11255693    
   1.11364388    
   1.11277866    
   1.11483991    
   1.11395645    
   1.11353397    
   1.11313629    
   1.11460042    
   1.11530161    
   1.11297214    
   1.11367154    
   1.11082757    
   1.11383951    
   1.11389673    
   1.11188531    
   1.11470401    
   1.11559999    
   1.11307466    
   1.11369574    
   1.11351931    
   1.11387575    
   1.11479533    
   1.11445749    
   1.11315215    
   1.11156154    
   1.11390436    
   1.11311507    
   1.11353636    
   1.11541712    
   1.11557806    
   1.11263955    
   1.11363089    
   1.11160803    
   1.11407530    
   1.11522400    
   1.11271691    
   1.11369503    
   1.11518788    
   1.11396587    
   1.11401534    
   1.11338985    
   1.11360943    
   1.11308885    
   1.11191356    
   1.11423695    
   1.11345291    
   1.11442149    
   1.11316347    
   1.11291611    
   1.11477768    
   1.11253381    
   1.11360919    
   1.11481392    
   1.11192214    
   1.11454403    
   1.11189067    
   1.11394262    
   1.11356509    
   1.11394942    
   1.11179459    
   1.11466062    
   1.11410558    
   1.11318994    
   1.11123145    
   1.11641121    
   1.11578417    
   1.11137807    
   1.11442482    
   1.11267793    
   1.11338663    
   1.11324704    
   1.11354673    
   1.11454213    
   1.11405754    
   1.11295092    
   1.11367261    
   1.11431956    
   1.11197901    
   1.11310637    
   1.11221766    
   1.11569059    
   1.11492634    
   1.11468375    
   1.11466825    
   1.11480689    
   1.11453366    
   1.11203504    
   1.11368251    
   1.11427808    
   1.11545217    
   1.11286438    
   1.11446011    
   1.11347318    
   1.11378407    
   1.11142302    
   1.11366284    
   1.11449027    
   1.11184227    
   1.11240208    
   1.11217391    
   1.11354828    
   1.11337185    
   1.11355984    
   1.11399508    
   1.11073375    
   1.11332285    
   1.11226249    
   1.11384726    
   1.11394846    
   1.11180913    
   1.11300159    
   1.11233306    
   1.11364102    
   1.11424768    
   1.11275470    
   1.11381030    
   1.11384046    
   1.11359084    
   1.11295426    
   1.11310160    
   1.11414683    
   1.11219418    
   1.11472034    
   1.11640310    
   1.11412227    
   1.11305368    
   1.11628866    
   1.11264765    
   1.11325514    
   1.11183059    
   1.11292505    
   1.11259997    
   1.11350656    
   1.11512446    
   1.11143625    
   1.11350536    
   1.11452413    
   1.11523414    
   1.11440969    
   1.11521661    
   1.11323011    
   1.11224127    
   1.11348081    
   1.11281884    
   1.11244547    
   1.11273420    
   1.11352825    
   1.11466551    
   1.11325109    
   1.11431468    
   1.11494410    
   1.11382914    
   1.11285818    
   1.11378479    
   1.11505210    
   1.11383069    
   1.11401427    
   1.11424589    
   1.11336505    
   1.11504626    
   1.11335289    
   1.11250544    
   1.11477840    
   1.11487544    
   1.11394227    
   1.11331081    
   1.11406446    
   1.11405480    
   1.11199236    
   1.11541843    
   1.11366427    
   1.11387193    
   1.11365080    
   1.11252701    
   1.11263847    
   1.11544371    
   1.11195827    
   1.11518741    
   1.11315167    
   1.11338365    
   1.11370969    
   1.11432123    
   1.11283231    
   1.11141765    
   1.11416447    
   1.11385965    
   1.11270595    
   1.11551178    
   1.11465752    
   1.11272764    
   1.11289060    
   1.11250043    
   1.11436903    
   1.11605835    
   1.11393976    
   1.11359394    
   1.11306691    
   1.11201644    
   1.11407197    
   1.11251092    
   1.11346853    
   1.11479795    
   1.11433280    
   1.11329520    
   1.11536610    
   1.11403418    
   1.11717975    
   1.11266577    
   1.11455142    
   1.11546445    
   1.11395395    
   1.11408257    
   1.11520040    
   1.11254323    
   1.11402476    
   1.11326730    
   1.11543739    
   1.11573946    
   1.11581564    
   1.11449575    
   1.11342108    
   1.11135864    
   1.11318636    
   1.11420763    
   1.11442065    
   1.11232007    
   1.11471736    
   1.11240923    
   1.11294806    
   1.11388755    
   1.11419320    
   1.11496496    
   1.11375427    
   1.11460125    
   1.11426246    
   1.11465371    
   1.11278963    
   1.11212695    
   1.11400187    
   1.11385012    
   1.11281180    
   1.11246562    
   1.11440957    
   1.11463594    
   1.11437404    
   1.11403322    
   1.11479747    
   1.11329877    
   1.11417711    
   1.11239839    
   1.11268079    
   1.11429119    
   1.11467075    
   1.11217308    
   1.11501074    
   1.11129689    
   1.11359870    
   1.11496067    
   1.11463165    
   1.11331499    
   1.11352515    
   1.11249566    
   1.11414504    
   1.11413372    
   1.11302066    
   1.11344039    
   1.11448157    
   1.11323011    
   1.11317766    
   1.11274195    
   1.11451519    
   1.11109829    
   1.11294544    
   1.11274409    
   1.11356294    
   1.11377764    
   1.11387980    
   1.11289191    
   1.11551821    
   1.11276352    
   1.11275387    
   1.11238432    
   1.11450958    
   1.11252284    
   1.11473823    
   1.11377072    
   1.11295319    
   1.11286569    
   1.11512566    
   1.11251187    
   1.11148572    
   1.11474609    
   1.11418390    
   1.11368132    
   1.11356068    
   1.11296737    
   1.11379886    
   1.11413193    
   1.11390173    
   1.11351871    
   1.11372960    
   1.11351562    
   1.11344731    
   1.11295700    
   1.11261308    
   1.11316979    
   1.11476648    
   1.11290634    
   1.11585045    
   1.11326325    
   1.11117017    
   1.11395276    
   1.11142576    
   1.11266387    
   1.11339462    
   1.11237907    
   1.11342871    
   1.11370838    
   1.11552906    
   1.11359608    
   1.11274815    
   1.11227393    
   1.11369801    
   1.11323249    
   1.11197686    
   1.11363816    
   1.11449635    
   1.11437476    
   1.11369538    
   1.11223221    
   1.11367738    
   1.11450553    
   1.11428249    
   1.11290562    
   1.11497891    
   1.11340702    
   1.11345124    
   1.11308730    
   1.11268771    
   1.11499381    
   1.11476219    
   1.11417317    
   1.11315215    
   1.11418247    
   1.11441934    
   1.11208224    
   1.11456752    
   1.11421621    
   1.11671984    
   1.11168337    
   1.11279678    
   1.11423171    
   1.11430717    
   1.11434507    
   1.11379099    
   1.11338294    
   1.11414003    
   1.11216462    
   1.11462450    
   1.11322653    
   1.11400402    
   1.11240625    
   1.11273551    
   1.11436617    
   1.11546004    
   1.11321938    
   1.11312139    
   1.11147296    
   1.11283064    
   1.11411619    
   1.11359978    
   1.11248267    
   1.11268234    
   1.11456192    
   1.11309195    
   1.11360157    
   1.11410904    
   1.11332393    
   1.11482680    
   1.11270261    
   1.11361670    
   1.11322951    
   1.11460018    
   1.11506855    
   1.11443532    
   1.11354804    
   1.11472380    
   1.11370158    
   1.11216772    
   1.11485028    
   1.11231041    
   1.11122417    
   1.11371458    
   1.11403823    
   1.11229813    
   1.11541235    
   1.11477613    
   1.11177957    
   1.11378503    
   1.11304724    
   1.11367404    
   1.11305797    
   1.11271274    
   1.11570394    
   1.11487281    
   1.11329842    
   1.11223507    
   1.11342859    
   1.11367619    
   1.11289108    
   1.11216319    
   1.11397207    
   1.11375856    
   1.11317134    
   1.11267102    
   1.11451471    
   1.11198139    
   1.11166251    
   1.11454248    
   1.11450613    
   1.11463618    
   1.11440992    
   1.11289871    
   1.11290109    
   1.11592197    
   1.11328018    
   1.11330509    
   1.11239398    
   1.11272883    
   1.11333990    
   1.11338651    
   1.11382043    
   1.11457491    
   1.11422443    
   1.11521053    
   1.11440504    
   1.11455047    
   1.11359084    
   1.11264694    
   1.11465061    
   1.11285806    
   1.11253417    
   1.11184573    
   1.11328137    
   1.11180115    
   1.11612856    
   1.11342955    
   1.11358428    
   1.11266422    
   1.11378932    
   1.11497509    
   1.11354399    
   1.11314440    
