   8.74085331       4.26275730    
   8.70869160       4.28933668    
   8.75074387       4.30364084    
   8.71056271       4.31340361    
   8.59636021       4.33457565    
   8.65550041       4.31902885    
   8.61545753       4.29034853    
   8.81852913       4.26180363    
   8.61912346       4.32812357    
   8.66088295       4.34065866    
   8.68906307       4.30987024    
   8.75043201       4.30785656    
   8.65954018       4.31813192    
   8.65696716       4.31839895    
   8.67461109       4.31029129    
   8.66448975       4.30773115    
   8.60778522       4.32083988    
   8.70631218       4.35122919    
   8.64005566       4.32078552    
   8.70788574       4.29959917    
   8.69783115       4.30323601    
   8.66574955       4.37593412    
   8.64694309       4.29465008    
   8.73829174       4.33601332    
   8.65756321       4.29202557    
   8.59806919       4.30111551    
   8.58616543       4.36612558    
   8.56731033       4.35696316    
   8.64172649       4.35640287    
   8.73096180       4.31503391    
   8.60550308       4.33486557    
   8.62840557       4.33103704    
   8.63111591       4.33289528    
   8.76714897       4.31338596    
   8.62972736       4.31473637    
   8.64303684       4.28832579    
   8.68785858       4.33858967    
   8.69309998       4.35703850    
   8.71274471       4.31137180    
   8.68503857       4.30681705    
   8.67823696       4.23734760    
   8.67280197       4.33132029    
   8.76116371       4.29517031    
   8.75240040       4.37401438    
   8.69292927       4.30148458    
   8.59586811       4.32635593    
   8.66039848       4.31990242    
   8.60867691       4.30823898    
   8.75742817       4.25511265    
   8.67551041       4.27338457    
   8.55407047       4.31833124    
   8.64094543       4.29192686    
   8.51146221       4.32088232    
   8.65680695       4.30878973    
   8.66403770       4.28941631    
   8.70095444       4.29470348    
   8.65493298       4.35488605    
   8.49973774       4.29630470    
   8.64504528       4.33673716    
   8.61915016       4.28291368    
   8.64652824       4.27269459    
   8.63637066       4.26033735    
   8.62878609       4.27925920    
   8.62359905       4.32464314    
   8.64887333       4.32215214    
   8.61947250       4.33532906    
   8.66322422       4.29924536    
   8.61553097       4.32472086    
   8.60417080       4.29333448    
   8.72821712       4.31010580    
   8.56865120       4.32003880    
   8.78261566       4.27206278    
   8.52517128       4.32529974    
   8.54195309       4.30202246    
   8.70838261       4.30308580    
   8.65089226       4.29172564    
   8.62896347       4.27631855    
   8.64422989       4.35876036    
   8.61171722       4.30164528    
   8.61863041       4.30368757    
   8.55827427       4.36750555    
   8.59059715       4.30101204    
   8.65470886       4.27634048    
   8.69278812       4.31732702    
   8.60440159       4.30423260    
   8.53225803       4.33467579    
   8.69942284       4.28361845    
   8.67024040       4.29708004    
   8.54095936       4.28426600    
   8.76756477       4.28146505    
   8.67673779       4.31143761    
   8.73686886       4.26276970    
   8.67842197       4.32384396    
   8.68288040       4.31621933    
   8.62802219       4.26723289    
   8.65491009       4.29084206    
   8.71377659       4.30518103    
   8.58568859       4.32678461    
   8.59663486       4.30604458    
   8.69880104       4.31946087    
   8.69801331       4.33741951    
   8.61750031       4.32035112    
   8.73410511       4.29161787    
   8.58031654       4.29348135    
   8.78434086       4.31578636    
   8.69205666       4.32444859    
   8.61521149       4.27720928    
   8.67219162       4.25869417    
   8.59496689       4.30925846    
   8.60201359       4.32166719    
   8.63303852       4.32769775    
   8.61612129       4.33128977    
   8.62825298       4.34390545    
   8.67771149       4.31846666    
   8.59680557       4.33030081    
   8.70619011       4.30806494    
   8.63667297       4.26514006    
   8.66659164       4.33797884    
   8.63591862       4.25677204    
   8.71713352       4.31748295    
   8.67504120       4.31689358    
   8.65162086       4.33918285    
   8.60386086       4.32774115    
   8.57709885       4.27913094    
   8.85398293       4.32731533    
   8.61643791       4.34917736    
   8.60743618       4.27234459    
   8.61602974       4.28792286    
   8.56486034       4.30595446    
   8.61633205       4.28534412    
   8.72470951       4.32242775    
   8.74532795       4.28299427    
   8.61662102       4.32014704    
   8.64887047       4.34748554    
   8.73728752       4.26983595    
   8.74435139       4.28317070    
   8.69597149       4.33206367    
   8.68895817       4.24650097    
   8.72653008       4.34309387    
   8.66308784       4.32788277    
   8.68051910       4.27103519    
   8.70896721       4.28843880    
   8.62698460       4.30228901    
   8.63910007       4.28988266    
   8.77817249       4.31631708    
   8.55429745       4.31532097    
   8.78974342       4.34137917    
   8.66973686       4.29906273    
   8.69417953       4.29768753    
   8.57151794       4.35257339    
   8.60723209       4.28640127    
   8.61447811       4.32393551    
   8.74423409       4.28346586    
   8.74646282       4.28124857    
   8.62640381       4.28561544    
   8.66009235       4.29303312    
   8.71518421       4.28456306    
   8.62474632       4.32951212    
   8.56189537       4.32422924    
   8.61894226       4.26228666    
   8.53057957       4.35248089    
   8.70034790       4.31534910    
   8.63461208       4.30056429    
   8.62525749       4.29960537    
   8.61633682       4.27826214    
   8.64303017       4.33771515    
   8.71440315       4.28857422    
   8.57926178       4.31557846    
   8.63735676       4.36363125    
   8.64023209       4.30021715    
   8.71356010       4.27285242    
   8.59923840       4.28151417    
   8.73125744       4.25181341    
   8.67527294       4.34898090    
   8.60930157       4.30844927    
   8.66649723       4.30607128    
   8.61713219       4.29598713    
   8.50656605       4.33271551    
   8.63857937       4.33557129    
   8.65161133       4.36698389    
   8.66931534       4.30902052    
   8.80363941       4.27498579    
   8.66357613       4.34640265    
   8.58616447       4.26103210    
   8.58576488       4.33950043    
   8.54706764       4.30041361    
   8.59517956       4.35153532    
   8.67997646       4.29161453    
   8.70065689       4.27760839    
   8.65165424       4.26497316    
   8.67388725       4.30127096    
   8.60454273       4.35015059    
   8.53605652       4.31536913    
   8.67498875       4.34885263    
   8.70898342       4.31281567    
   8.74262238       4.29722118    
   8.62964058       4.32414103    
   8.56845665       4.34708500    
   8.60992336       4.35016680    
   8.71426868       4.32305288    
   8.73797512       4.33487940    
   8.65663719       4.32395649    
   8.54856014       4.27182913    
   8.63566971       4.29705429    
   8.66902828       4.33031750    
   8.66594410       4.27632236    
   8.84225082       4.30731678    
   8.68968487       4.30465269    
   8.59046745       4.27655029    
   8.64932060       4.35978794    
   8.60431385       4.29494381    
   8.63185692       4.28324509    
   8.67457676       4.33627319    
   8.66730785       4.30290318    
   8.63047695       4.30666399    
   8.57838440       4.29989290    
   8.66665649       4.27927446    
   8.56903076       4.29298306    
   8.65650082       4.27224588    
   8.61382294       4.31124592    
   8.76694202       4.35143661    
   8.70537090       4.30148983    
   8.79496670       4.35158873    
   8.66387367       4.30759144    
   8.58298302       4.30136967    
   8.62946129       4.37408781    
   8.68358898       4.32910156    
   8.64892673       4.35315132    
   8.68443775       4.34531403    
   8.63059807       4.31632996    
   8.62850094       4.30713129    
   8.64655018       4.26848316    
   8.75065422       4.33953142    
   8.59307098       4.33601236    
   8.72957897       4.27969837    
   8.60842609       4.30887175    
   8.62217999       4.33954096    
   8.71572208       4.29922676    
   8.69637012       4.28531885    
   8.66205597       4.28275728    
   8.69604111       4.28476381    
   8.61384773       4.34766722    
   8.61285591       4.36523294    
   8.66421509       4.33388042    
   8.59797096       4.30679941    
   8.64447784       4.35465050    
   8.66344070       4.29552889    
   8.64596176       4.32028866    
   8.60220146       4.26099920    
   8.63320160       4.30419064    
   8.60293198       4.28762960    
   8.61885357       4.36210823    
   8.72473717       4.33240557    
   8.55925941       4.27898216    
   8.64118385       4.30506229    
   8.60675335       4.28179932    
   8.59251308       4.28498411    
   8.64774609       4.34682512    
   8.59626389       4.35399628    
   8.59319210       4.34173489    
   8.62073898       4.27256680    
   8.78600216       4.28023291    
   8.64576054       4.30699253    
   8.63928509       4.30606079    
   8.60566521       4.32281685    
   8.61066437       4.30764532    
   8.62471676       4.32426786    
   8.65787411       4.31920099    
   8.63412666       4.36530399    
   8.61788654       4.30401039    
   8.65318775       4.30070877    
   8.57067871       4.28352118    
   8.57439613       4.28991508    
   8.66369247       4.28603792    
   8.63919640       4.29086161    
   8.62739563       4.31346369    
   8.67644215       4.26980305    
   8.52983475       4.31928444    
   8.66132164       4.26930666    
   8.65078545       4.29877567    
   8.71798992       4.32033491    
   8.66467190       4.31861734    
   8.66582870       4.31108952    
   8.58382034       4.21399450    
   8.67586422       4.28830719    
   8.62734985       4.32728100    
   8.69869709       4.30181408    
   8.64542484       4.32290649    
   8.64539623       4.25647736    
   8.56633091       4.28697872    
   8.68015003       4.30061722    
   8.63004971       4.29780960    
   8.60947609       4.27615118    
   8.51855659       4.30572414    
   8.61343288       4.30119610    
   8.53080082       4.33527231    
   8.67517185       4.27686739    
   8.65630627       4.31575346    
   8.61938190       4.28457642    
   8.70277309       4.36432791    
   8.81794930       4.32277060    
   8.79456806       4.31531620    
   8.77026844       4.31679296    
   8.72681713       4.27531910    
   8.65752792       4.25640678    
   8.78848171       4.28791189    
   8.74990749       4.31283760    
   8.68772030       4.29674911    
   8.73626804       4.35075045    
   8.77806473       4.33448935    
   8.68767643       4.35892248    
   8.67504406       4.32052803    
   8.62218571       4.27704096    
   8.68260765       4.28504419    
   8.69769955       4.34117413    
   8.70684719       4.32365179    
   8.60022259       4.23068333    
   8.53586674       4.32080364    
   8.54214096       4.30375147    
   8.66533279       4.27075529    
   8.67519569       4.37614584    
   8.63186264       4.34542036    
   8.69240284       4.34268713    
   8.58751869       4.35226107    
   8.72680187       4.23344612    
   8.49161339       4.28645706    
   8.59633923       4.31627417    
   8.69478703       4.33928347    
   8.71489429       4.30330658    
   8.77349567       4.33720398    
   8.59873676       4.31847858    
   8.65616703       4.25789928    
   8.47929859       4.28053951    
   8.65925598       4.35181522    
   8.61249065       4.30668402    
   8.57723427       4.32457638    
   8.60778904       4.28062963    
   8.66143227       4.35088682    
   8.75704861       4.33585358    
   8.63521671       4.31579065    
   8.60157967       4.26328135    
   8.65543747       4.30488729    
   8.67898083       4.31712389    
   8.71332741       4.30281496    
   8.67399025       4.28732729    
   8.66711903       4.28493786    
   8.70044613       4.34017229    
   8.68789864       4.30519438    
   8.69576263       4.32162523    
   8.65771008       4.28105545    
   8.75193024       4.28459644    
   8.69408989       4.31258488    
   8.57359409       4.28047276    
   8.69021606       4.29320955    
   8.63187504       4.27677488    
   8.55954647       4.29580784    
   8.53487206       4.29446077    
   8.60200310       4.31476450    
   8.72261906       4.35264063    
   8.68192101       4.31970549    
   8.67854118       4.33915424    
   8.68547630       4.30547762    
   8.65950871       4.27280569    
   8.63380909       4.29814959    
   8.62401199       4.26572275    
   8.60086060       4.29623318    
   8.64887333       4.30130196    
   8.73045063       4.29974651    
   8.54865932       4.30374384    
   8.72690773       4.36322308    
   8.65235043       4.30663824    
   8.61525440       4.33028030    
   8.62995720       4.27484417    
   8.58818722       4.30695438    
   8.69648552       4.26974916    
   8.57938862       4.29897261    
   8.60462666       4.36002302    
   8.70507050       4.28732538    
   8.70395088       4.28969622    
   8.68552876       4.29738235    
   8.65436363       4.31649828    
   8.63601494       4.30162525    
   8.52317619       4.30033302    
   8.65498066       4.34973955    
   8.65051937       4.28652382    
   8.69068623       4.26422167    
   8.54422283       4.30763960    
   8.52333164       4.32953405    
   8.74014950       4.33330870    
   8.81338120       4.33683538    
   8.61091995       4.33845282    
   8.56703281       4.27584887    
   8.59176159       4.33707476    
   8.66066074       4.30758572    
   8.66635323       4.31193161    
   8.64621449       4.29213381    
   8.71987247       4.31415701    
   8.66610336       4.32399845    
   8.62060452       4.31281328    
   8.75001621       4.33070993    
   8.71165276       4.32426929    
   8.58880424       4.28165579    
   8.68809605       4.25772476    
   8.67282200       4.34586096    
   8.80743885       4.35374498    
   8.57849693       4.24104023    
   8.69116306       4.25265932    
   8.52923203       4.33344460    
   8.56521034       4.33529568    
   8.67921448       4.33064890    
   8.69867134       4.30044270    
   8.68072987       4.29091787    
   8.63497829       4.31571198    
   8.66042709       4.26817417    
   8.60518360       4.25947285    
   8.62461090       4.30322552    
   8.58300114       4.33859205    
   8.61239052       4.28869677    
   8.79295540       4.36119747    
   8.59607506       4.31790781    
   8.61088371       4.30185080    
   8.77652836       4.31668711    
   8.70349121       4.29918051    
   8.66731548       4.28213930    
   8.65500736       4.37869978    
   8.65094852       4.34617710    
   8.57327652       4.30096292    
   8.74282360       4.26368046    
   8.77416325       4.32457733    
   8.79455376       4.29638147    
   8.75129986       4.31230307    
   8.72767925       4.34412003    
   8.60605717       4.32604265    
   8.67987919       4.31748819    
   8.61609364       4.28797293    
   8.60405636       4.33138323    
   8.59814453       4.29589748    
   8.75950432       4.28111506    
   8.66977596       4.33323431    
   8.70921898       4.32643890    
   8.66186905       4.27970934    
   8.70525932       4.27766514    
   8.62441063       4.36007452    
   8.69355774       4.32916069    
   8.57059574       4.29318476    
   8.70929813       4.29516459    
   8.65273571       4.28880930    
   8.66627121       4.32956743    
   8.64566422       4.34224176    
   8.60221863       4.31981564    
   8.65009022       4.32864237    
   8.70132923       4.28149748    
   8.75765610       4.34229231    
   8.65775299       4.31328821    
   8.70860195       4.26563358    
   8.62958527       4.30325699    
   8.66351032       4.28769398    
   8.64945698       4.32527637    
   8.54945469       4.26044798    
   8.65449810       4.35554171    
   8.64417839       4.32272863    
   8.66750240       4.33760595    
   8.73507023       4.32643509    
   8.73691273       4.29104996    
   8.56426716       4.30611610    
   8.80034447       4.31906033    
   8.66599178       4.29603720    
   8.56978321       4.31292963    
   8.63689804       4.37050629    
   8.55861378       4.32797956    
   8.63026047       4.32941151    
   8.54580688       4.33105707    
   8.71259308       4.34217024    
   8.56835651       4.29734087    
   8.59352398       4.26566601    
   8.70379543       4.34768629    
   8.64293003       4.33619213    
   8.71264553       4.31386137    
   8.71588612       4.24717426    
   8.69337940       4.34581041    
   8.72308445       4.29822063    
   8.66330338       4.28054762    
   8.60933685       4.32055044    
   8.67720318       4.31195784    
   8.59023380       4.30334473    
   8.66566086       4.29288960    
   8.74109268       4.30793142    
   8.64456081       4.28801060    
   8.54420948       4.26684761    
   8.61577034       4.29774904    
   8.82179737       4.30520582    
   8.65840626       4.26298046    
   8.64497662       4.28372002    
   8.66152382       4.30372524    
   8.57256031       4.32843065    
   8.64581299       4.27469635    
   8.64512730       4.29803991    
   8.52507687       4.33543825    
   8.69901276       4.23392630    
   8.66829205       4.32189560    
