  0.351000011       5.54220343       3.84288840E-02   3.92572999       2.42269672E-02  0.160107940       5.30259626E-04 -0.884597361       1.40129846E-45
  0.353000015       5.67537451       3.92487273E-02   3.99496603       2.63952892E-02  0.163536072       5.31453756E-04 -0.892015874       1.40129846E-45
  0.355000019       5.94955158       4.31500152E-02   4.02786875       2.57255901E-02  0.166393474       5.48265001E-04 -0.900629044       1.40129846E-45
  0.357000023       6.19485092       4.09525558E-02   4.08857918       2.49755811E-02  0.171139047       5.51902340E-04 -0.908553421       1.40129846E-45
  0.359000027       6.33170414       4.21432629E-02   4.09805393       2.78369058E-02  0.173389584       5.60451124E-04 -0.916556537       1.40129846E-45
  0.361000031       6.72492743       4.32615131E-02   4.14336681       2.60200799E-02  0.179677248       5.74563455E-04 -0.924654841       1.40129846E-45
  0.363000035       6.94544411       4.59068939E-02   4.21318293       2.74693780E-02  0.182545528       5.94703248E-04 -0.932628214       1.40129846E-45
  0.365000039       7.15277576       4.55648266E-02   4.22177887       2.82419231E-02  0.184861794       5.93544450E-04 -0.940657735       1.40129846E-45
  0.367000043       7.62526369       5.05799614E-02   4.34203625       2.74050459E-02  0.192580447       6.21821498E-04 -0.950570703       1.40129846E-45
  0.369000047       7.80175161       5.23824207E-02   4.42002249       2.89836470E-02  0.193667963       6.24744338E-04 -0.957905054       1.40129846E-45
  0.371000051       8.25365162       5.43228798E-02   4.47207355       2.80362833E-02  0.201444700       6.42373518E-04 -0.967081487       1.40129846E-45
  0.373000056       8.63623714       5.68048954E-02   4.53191280       2.93087047E-02  0.207449526       6.70397305E-04 -0.976275206       1.40129846E-45
  0.375000060       9.00897980       5.31768650E-02   4.54217672       2.80123800E-02  0.212848142       6.68646302E-04 -0.986164510       1.40129846E-45
  0.377000064       9.45305729       5.73835224E-02   4.68755579       3.11249588E-02  0.218746409       7.25272519E-04 -0.995035231       1.40129846E-45
  0.379000068       9.76192379       5.81448898E-02   4.75798750       3.06181461E-02  0.222801223       7.51749089E-04  -1.00434268       1.40129846E-45
  0.381000072       10.3482952       5.88983595E-02   4.86404371       3.18626761E-02  0.231646568       7.13069341E-04  -1.01492167       1.40129846E-45
  0.383000076       10.6881704       6.35257438E-02   4.86930895       3.18604708E-02  0.236274272       7.39068026E-04  -1.02324808       1.40129846E-45
  0.385000080       11.3664093       6.47168532E-02   5.13460588       3.43099870E-02  0.245262712       7.70275248E-04  -1.03329909       1.40129846E-45
  0.387000084       11.8496847       6.74064755E-02   5.16331291       3.29065062E-02  0.253712296       8.19338136E-04  -1.04362679       1.40129846E-45
  0.389000088       12.3863544       6.85259327E-02   5.26387835       3.36255357E-02  0.260871291       8.28506658E-04  -1.05452800       1.40129846E-45
  0.391000092       12.7957640       7.01114908E-02   5.29920340       3.57506424E-02  0.266274810       8.45251023E-04  -1.06257474       1.40129846E-45
  0.393000096       13.6987286       7.50746876E-02   5.58353186       3.67924273E-02  0.278754532       8.04033305E-04  -1.07573450       1.40129846E-45
  0.395000100       14.4216175       7.50172958E-02   5.72170591       3.57532166E-02  0.290228307       8.77219369E-04  -1.08780456       1.40129846E-45
  0.397000104       15.3453341       7.46186301E-02   5.96559811       3.82457115E-02  0.304294825       8.79391155E-04  -1.10057008       1.40129846E-45
  0.399000108       15.9778719       7.29802251E-02   6.13403320       4.10396047E-02  0.313603252       8.92855576E-04  -1.11100817       1.40129846E-45
  0.401000112       16.4543514       7.73526132E-02   6.27099657       4.07260023E-02  0.325206250       9.88832326E-04  -1.12297750       1.40129846E-45
  0.403000116       17.2782135       8.16851407E-02   6.46875238       4.32581715E-02  0.338501245       1.13722205E-03  -1.13611817       1.40129846E-45
  0.405000120       18.0312157       8.32869858E-02   6.74331951       4.26220484E-02  0.350153834       8.82809225E-04  -1.14897144       1.40129846E-45
  0.407000124       18.5087719       8.17780942E-02   6.86340618       4.23282050E-02  0.370840520       1.01567886E-03  -1.16456497       1.40129846E-45
  0.409000129       19.3388309       9.01440606E-02   7.17272568       4.63950932E-02  0.382286012       1.07061386E-03  -1.17751682       1.40129846E-45
  0.411000133       20.0867939       8.63274932E-02   7.46742439       4.81302254E-02  0.405902117       1.00613001E-03  -1.19546199       1.40129846E-45
  0.413000137       20.3551579       8.97349343E-02   7.73516273       4.87662740E-02  0.423945814       1.32092275E-03  -1.20921063       1.40129846E-45
  0.415000141       20.9059963       9.23119634E-02   7.99407530       4.95204888E-02  0.438011080       1.06802594E-03  -1.22341299       1.40129846E-45
  0.417000145       21.1413937       9.84516144E-02   8.19295597       5.08999228E-02  0.453151137       1.18006428E-03  -1.23734009       1.40129846E-45
  0.419000149       21.5254917       9.83020365E-02   8.25408363       4.89854217E-02  0.471254140       1.38696597E-03  -1.25342965       1.40129846E-45
  0.421000153       21.2390022      0.105466291       8.47015953       5.11320643E-02  0.495770693       1.31913810E-03  -1.27163780       1.40129846E-45
  0.423000157       21.2639675      0.112447135       8.78894901       5.05900756E-02  0.522316396       1.26399018E-03  -1.29277527       1.40129846E-45
  0.425000161       21.4025497      0.107299052       8.75167370       4.91693579E-02  0.531551719       1.18571834E-03  -1.30475128       1.40129846E-45
  0.427000165       20.6622448      0.118078955       8.89778805       4.91110831E-02  0.555382133       9.82552767E-04  -1.32332015       1.40129846E-45
  0.429000169       20.1778488      0.123226449       8.95105457       5.13293929E-02  0.578831851       1.17428147E-03  -1.34278905       1.40129846E-45
  0.431000173       18.5655956      0.128890485       8.86439705       5.23655191E-02  0.606039107       9.72546695E-04  -1.36346614       1.40129846E-45
  0.433000177       18.5800858      0.123381935       8.99576092       4.88667451E-02  0.619372666       9.06082219E-04  -1.37852657       1.40129846E-45
  0.435000181       16.7027054      0.127574265       8.66690636       5.11106476E-02  0.643777013       1.02249044E-03  -1.39724922       1.40129846E-45
  0.437000185       16.4433365      0.135462686       8.73827171       5.13286963E-02  0.657844305       1.01143052E-03  -1.41262782       1.40129846E-45
  0.439000189       14.7266741      0.129242778       8.43778992       4.83647138E-02  0.679138601       1.03445665E-03  -1.43142974       1.40129846E-45
  0.441000193       13.5765467      0.126808003       8.27300262       4.89650629E-02  0.696582317       9.28859983E-04  -1.44802833       1.40129846E-45
  0.443000197       12.3081503      0.121159732       8.03478432       4.59667332E-02  0.712352216       8.65894603E-04  -1.46326172       1.40129846E-45
  0.445000201       11.1049366      0.120825596       7.77305889       4.63377349E-02  0.729337811       9.05514811E-04  -1.47990572       1.40129846E-45
  0.447000206       10.5583410      0.118464939       7.52372885       4.69221622E-02  0.741428912       8.13726860E-04  -1.49429250       1.40129846E-45
  0.449000210       8.72021675      0.108899668       7.16997957       4.75446507E-02  0.759767711       7.01493933E-04  -1.51197970       1.40129846E-45
  0.451000214       8.43641949      0.104117714       7.00776005       4.36422303E-02  0.766349316       6.97472191E-04  -1.52167654       1.40129846E-45
  0.453000218       7.18329000       9.28862169E-02   6.66471577       4.24705334E-02  0.780898273       6.05302863E-04  -1.53718269       1.40129846E-45
  0.455000222       6.85901070       9.85332280E-02   6.54011631       4.14440110E-02  0.791000009       6.65106694E-04  -1.55082285       1.40129846E-45
  0.457000226       5.19091654       8.13414976E-02   5.92034292       3.89709510E-02  0.806816101       5.28883771E-04  -1.56680810       1.40129846E-45
  0.459000230       5.29996204       8.92871395E-02   5.91149712       3.95827442E-02  0.811938882       5.24571165E-04  -1.57685947       1.40129846E-45
  0.461000234       4.63710499       6.99197501E-02   5.72386360       3.53438631E-02  0.819161713       4.94048523E-04  -1.58670318       1.40129846E-45
  0.463000238       4.40173769       7.97775015E-02   5.54552746       3.86157446E-02  0.826074660       4.78671514E-04  -1.59720016       1.40129846E-45
  0.465000242       3.62799859       6.35877624E-02   5.26583958       3.63807529E-02  0.835427940       4.36759758E-04  -1.60929501       1.40129846E-45
  0.467000246       2.88608503       5.06430492E-02   4.97405958       3.44814137E-02  0.844519138       3.84546176E-04  -1.62081802       1.40129846E-45
  0.469000250       2.76765370       4.66476865E-02   4.82924891       3.20954435E-02  0.849905610       3.76086944E-04  -1.63025403       1.40129846E-45
  0.471000254       2.57743597       5.07219024E-02   4.64012909       3.00286002E-02  0.855895936       3.59128928E-04  -1.64027095       1.40129846E-45
  0.473000258       2.53028178       5.21999747E-02   4.49168348       2.99117230E-02  0.859658837       3.58440069E-04  -1.64754498       1.40129846E-45
  0.475000262       2.26745081       4.08494659E-02   4.40564489       3.04787010E-02  0.864682674       3.37475038E-04  -1.65632713       1.40129846E-45
  0.477000266       1.96165049       4.25218418E-02   4.20446730       3.03524751E-02  0.870303512       3.17557860E-04  -1.66492128       1.40129846E-45
  0.479000270       1.64634359       2.97028013E-02   3.97385716       2.72771604E-02  0.875994325       2.88048206E-04  -1.67445719       1.40129846E-45
  0.481000274       1.86560237       4.28560823E-02   3.98524261       2.76554115E-02  0.877871871       3.07048846E-04  -1.68033504       1.40129846E-45
  0.483000278       1.42141056       2.43265517E-02   3.79417515       2.54534595E-02  0.883482635       2.67192430E-04  -1.68862224       1.40129846E-45
  0.485000283       1.35262191       2.73136105E-02   3.61776209       2.40850840E-02  0.887764156       2.60706438E-04  -1.69712889       1.40129846E-45
  0.487000287       1.19136846       1.97801571E-02   3.51561689       2.35768072E-02  0.891628146       2.44364783E-04  -1.70418048       1.40129846E-45
  0.489000291       1.07641399       1.84974838E-02   3.40202141       2.19172910E-02  0.895348847       2.31775441E-04  -1.71117747       1.40129846E-45
  0.491000295       1.19364583       3.12464405E-02   3.31931973       2.24181004E-02  0.897987962       2.45424191E-04  -1.71832359       1.40129846E-45
  0.493000299       1.00087237       1.93963349E-02   3.28001976       2.12799497E-02  0.901122332       2.24680873E-04  -1.72393692       1.40129846E-45
  0.495000303      0.930501342       1.50736989E-02   3.13122106       2.09937152E-02  0.904138029       2.15967491E-04  -1.73064673       1.40129846E-45
  0.497000307      0.850401342       1.31664099E-02   3.05518174       2.07467005E-02  0.907158494       2.06115685E-04  -1.73686230       1.40129846E-45
  0.499000311      0.763431668       1.08346865E-02   2.88074160       1.93548333E-02  0.910121560       1.95682325E-04  -1.74288189       1.40129846E-45
  0.501000285      0.733340144       1.22079821E-02   2.84325719       1.89619660E-02  0.912613571       1.91260711E-04  -1.74827123       1.40129846E-45
  0.503000259      0.698086143       1.04278876E-02   2.77185321       1.76925901E-02  0.915255606       1.86755424E-04  -1.75437701       1.40129846E-45
  0.505000234      0.644761145       9.26797464E-03   2.69081211       1.75480358E-02  0.917785883       1.79581926E-04  -1.75987661       1.40129846E-45
  0.507000208      0.603359461       8.42417218E-03   2.60765696       1.67562310E-02  0.920326412       1.73792505E-04  -1.76557183       1.40129846E-45
  0.509000182      0.608123481       1.07415905E-02   2.55854177       1.57904215E-02  0.921911478       1.74299916E-04  -1.76986265       1.40129846E-45
  0.511000156      0.546450078       8.08693562E-03   2.46690917       1.55664785E-02  0.923897207       1.65348494E-04  -1.77423894       1.40129846E-45
  0.513000131      0.518340230       7.56013580E-03   2.40324640       1.48559930E-02  0.926447093       1.60991214E-04  -1.78028297       1.40129846E-45
  0.515000105      0.492868870       7.25314766E-03   2.33135557       1.60784479E-02  0.928438842       1.56883267E-04  -1.78502691       1.40129846E-45
  0.517000079      0.461085230       6.50367001E-03   2.27013540       1.53805520E-02  0.930337191       1.51952365E-04  -1.78953969       1.40129846E-45
  0.519000053      0.459583104       6.80459430E-03   2.24613976       1.43776219E-02  0.932017803       1.51702217E-04  -1.79394674       1.40129846E-45
  0.521000028      0.433661282       6.62051653E-03   2.19376707       1.41384555E-02  0.933745384       1.47259881E-04  -1.79809189       1.40129846E-45
  0.523000002      0.408085912       6.22790214E-03   2.13434386       1.44082904E-02  0.935513437       1.42811798E-04  -1.80235910       1.40129846E-45
  0.524999976      0.395885736       6.25504227E-03   2.09449530       1.44929513E-02  0.936982214       1.40746910E-04  -1.80619001       1.40129846E-45
  0.526999950      0.379226923       5.69651928E-03   2.03596377       1.33079104E-02  0.938612521       1.37771203E-04  -1.81052339       1.40129846E-45
  0.528999925      0.351478994       5.43354312E-03   1.94194007       1.26415072E-02  0.940481484       1.32533110E-04  -1.81502521       1.40129846E-45
  0.530999899      0.337808222       5.07620862E-03   1.90223885       1.22992368E-02  0.941790879       1.30002038E-04  -1.81862283       1.40129846E-45
  0.532999873      0.329448909       5.22132684E-03   1.86433709       1.27375368E-02  0.943235397       1.28368818E-04  -1.82233202       1.40129846E-45
  0.534999847      0.308746010       4.87694982E-03   1.82047904       1.19344834E-02  0.944704533       1.24271188E-04  -1.82595670       1.40129846E-45
  0.536999822      0.298687339       4.48502740E-03   1.78676546       1.24264378E-02  0.945823193       1.22249679E-04  -1.82911551       1.40129846E-45
  0.538999796      0.285446674       4.40730387E-03   1.74189651       1.23048909E-02  0.947327793       1.19446806E-04  -1.83318996       1.40129846E-45
  0.540999770      0.274153739       4.34851414E-03   1.69050157       1.12382639E-02  0.948503852       1.17125906E-04  -1.83635294       1.40129846E-45
  0.542999744      0.257242382       4.05281363E-03   1.63827205       1.07773636E-02  0.949954689       1.13413189E-04  -1.84007704       1.40129846E-45
  0.544999719      0.250623375       3.94988945E-03   1.60733998       1.12021016E-02  0.950985789       1.11917092E-04  -1.84305048       1.40129846E-45
  0.546999693      0.241923079       3.80448042E-03   1.57703507       1.11381430E-02  0.952402592       1.10012967E-04  -1.84697020       1.40129846E-45
  0.548999667      0.229187191       3.77491629E-03   1.53529799       9.89803672E-03  0.953565300       1.07050721E-04  -1.85015106       1.40129846E-45
