  0.409999996       19.8045425       8.41025636E-02   7.31996632       4.33144718E-02  0.396632344       1.22440606E-03  -1.18724573       1.40129846E-45
  0.410999984       19.9653053       9.05954614E-02   7.34577274       4.69777025E-02  0.399841964       1.28809793E-03  -1.19205022       1.40129846E-45
  0.411999971       20.0987587       8.89478326E-02   7.50071144       5.13641983E-02  0.409767658       1.38336793E-03  -1.19941294       1.40129846E-45
  0.412999958       20.3774986       9.38961357E-02   7.56983709       4.65805680E-02  0.414908409       1.06032309E-03  -1.20562577       1.40129846E-45
  0.413999945       20.6380863       8.85533243E-02   7.84865046       4.80637699E-02  0.428620160       1.15977193E-03  -1.21594489       1.40129846E-45
  0.414999932       20.5067062       8.83834735E-02   7.71795845       4.83515412E-02  0.431838095       1.33671786E-03  -1.21949255       1.40129846E-45
  0.415999919       20.8669739       9.17006359E-02   7.92857265       4.95107137E-02  0.449316293       1.15887914E-03  -1.23229635       1.40129846E-45
  0.416999906       21.0048599       9.32169706E-02   8.18172264       4.93393354E-02  0.460219741       1.14491733E-03  -1.24066222       1.40129846E-45
  0.417999893       21.3023071       9.76370350E-02   8.19033718       4.85450849E-02  0.461756915       1.35073496E-03  -1.24509084       1.40129846E-45
  0.418999881       21.6697388       9.73282680E-02   8.38146210       5.09321913E-02  0.477619171       9.48076893E-04  -1.25683212       1.40129846E-45
  0.419999868       21.2197514      0.108461626       8.42072582       5.17090522E-02  0.493573934       1.30021852E-03  -1.26692331       1.40129846E-45
  0.420999855       21.0788937       9.65690538E-02   8.57103443       5.14203496E-02  0.499504834       1.15150632E-03  -1.27392912       1.40129846E-45
  0.421999842       20.7831726      0.106649183       8.55606174       5.21915965E-02  0.514021814       1.06002484E-03  -1.28405201       1.40129846E-45
  0.422999829       20.9012604      0.104948983       8.59075356       4.88865972E-02  0.518435419       1.04511657E-03  -1.28969896       1.40129846E-45
  0.423999816       21.5491409      0.110179834       8.78105259       5.10299653E-02  0.524802446       1.15250889E-03  -1.29815543       1.40129846E-45
  0.424999803       20.9331493      0.106695548       8.76092720       5.30796424E-02  0.537968397       1.24228746E-03  -1.30689526       1.40129846E-45
  0.425999790       20.4787006      0.105436347       8.80556870       5.04423343E-02  0.549186468       1.21598563E-03  -1.31574786       1.40129846E-45
  0.426999778       20.3428860      0.114294067       8.86505413       5.21734096E-02  0.558464408       1.40239170E-03  -1.32377470       1.40129846E-45
  0.427999765       19.8827515      0.110970803       8.89007854       4.86836508E-02  0.574338734       1.10477884E-03  -1.33636200       1.40129846E-45
  0.428999752       19.3642502      0.125047281       8.90846634       5.28123006E-02  0.586098135       1.33352960E-03  -1.34600544       1.40129846E-45
