  0.351000011       5.61432934       3.96567211E-02   3.94038010       2.58774962E-02  0.106091835       7.90633857E-02 -0.883949518       6.61735386E-02
  0.353000015       5.78061104       4.35225405E-02   3.96322441       2.66025476E-02  0.107710771       8.01035464E-02 -0.891497791       6.63561895E-02
  0.355000019       6.13622189       4.28229310E-02   4.01611567       2.56534982E-02  0.110791661       8.37909654E-02 -0.900096178       6.67898357E-02
  0.357000023       6.28588343       4.60474268E-02   4.03474760       2.53848117E-02  0.112621032       8.33981782E-02 -0.907287359       6.69501796E-02
  0.359000027       6.63709927       4.85349335E-02   4.11886883       2.51180939E-02  0.115631595       8.58382955E-02 -0.915791154       6.76351190E-02
  0.361000031       6.79357052       4.68271263E-02   4.08499050       2.61565819E-02  0.117544010       8.69346038E-02 -0.924335539       6.73823655E-02
  0.363000035       7.26352406       5.37597425E-02   4.18186378       2.59370953E-02  0.120422609       9.00892392E-02 -0.932464361       6.81556761E-02
  0.365000039       7.55216646       5.44388853E-02   4.18773746       2.60880068E-02  0.123909138       9.22035053E-02 -0.940480411       6.82137832E-02
  0.367000043       7.96791315       5.73305897E-02   4.28625774       2.60349158E-02  0.127390802       9.40124616E-02 -0.948604703       6.90022483E-02
  0.369000047       8.09501266       5.74894957E-02   4.30203485       2.65930984E-02  0.128425092       9.48250815E-02 -0.957235992       6.91373423E-02
  0.371000051       8.50325966       6.16477728E-02   4.33205366       2.87657063E-02  0.132442579       9.82301906E-02 -0.966235638       6.93748817E-02
  0.373000056       9.07800007       6.29509762E-02   4.42145491       2.71301679E-02  0.136249095      0.102566011     -0.975549042       7.01010376E-02
  0.375000060       9.56302834       6.78101927E-02   4.49088573       2.79850494E-02  0.139428139      0.102918066     -0.983952761       7.06487373E-02
  0.377000064       9.99292660       6.52893558E-02   4.56813955       2.78257392E-02  0.143648282      0.108676076     -0.993089795       7.12347627E-02
  0.379000068       10.5825529       7.08030760E-02   4.55745220       2.91526783E-02  0.148091450      0.110002533      -1.00217879       7.11530969E-02
  0.381000072       11.2573118       7.64565989E-02   4.62707186       3.06302514E-02  0.153706819      0.113429077      -1.01132643       7.16974512E-02
  0.383000076       11.7070284       7.84259811E-02   4.77417231       3.08490749E-02  0.156421214      0.115389228      -1.02100396       7.28353411E-02
  0.385000080       12.2010078       8.31739381E-02   4.76882601       2.92317960E-02  0.160460398      0.118771896      -1.02936912       7.27760792E-02
  0.387000084       13.1842251       8.66419971E-02   4.88283777       3.16362306E-02  0.166851461      0.121124469      -1.03992343       7.36614913E-02
  0.389000088       13.9365683       9.58708897E-02   4.91832113       3.00398357E-02  0.171978399      0.131858081      -1.04958594       7.39216730E-02
  0.391000092       14.7925844      0.102668345       5.05635786       3.18681747E-02  0.176920816      0.127430707      -1.05927634       7.49328360E-02
  0.393000096       15.8904333       9.89713818E-02   5.20350838       3.36447917E-02  0.185129434      0.136836067      -1.06963921       7.60375410E-02
  0.395000100       16.8069820      0.100318670       5.23123789       3.40505801E-02  0.193651095      0.142315120      -1.07977057       7.62416571E-02
  0.397000104       18.2281570      0.106217466       5.40422630       3.45620587E-02  0.203251332      0.142108962      -1.09116066       7.75050372E-02
  0.399000108       19.4152851      0.118464217       5.44355536       3.64818759E-02  0.208716586      0.154506654      -1.10208809       7.77790248E-02
  0.401000112       20.6686401      0.128934160       5.56326056       3.51868421E-02  0.216841817      0.169850260      -1.11277795       7.86206573E-02
  0.403000116       22.8401527      0.131888598       5.87920904       4.01481725E-02  0.231233627      0.177438468      -1.12517130       8.08069855E-02
  0.405000120       23.4387474      0.130111396       6.00042343       3.68443280E-02  0.240298495      0.162346482      -1.13577127       8.16529691E-02
  0.407000124       26.3847218      0.147404939       6.30458546       4.21842039E-02  0.256247044      0.188660920      -1.14990699       8.36880282E-02
  0.409000129       27.7546253      0.151228771       6.36635780       4.04833406E-02  0.270285577      0.220413044      -1.16196609       8.40988532E-02
  0.411000133       30.1349792      0.152647585       6.76633835       4.39409912E-02  0.285514891      0.173968896      -1.17508602       8.67218152E-02
  0.413000137       31.4450607      0.145100504       6.86361361       4.66367342E-02  0.299689740      0.265869111      -1.18738711       8.73312280E-02
  0.415000141       34.0035439      0.154204234       7.23399782       4.94261608E-02  0.319590360      0.244223088      -1.20294595       8.96622390E-02
  0.417000145       35.7897797      0.166430056       7.38518953       4.66626398E-02  0.329020858      0.194383994      -1.21525216       9.05821174E-02
  0.419000149       38.4927216      0.183921993       7.96910810       5.30903041E-02  0.351461798      0.295152187      -1.23100185       9.40886512E-02
  0.421000153       40.2569351      0.172978774       8.26556969       5.34193590E-02  0.375210166      0.208469272      -1.24748874       9.58518162E-02
  0.423000157       41.3662987      0.183487639       8.72575951       5.44259846E-02  0.415134221      0.238801703      -1.26799834       9.84487459E-02
  0.425000161       42.8642921      0.188178778       9.07851028       5.47082014E-02  0.430616796      0.258240461      -1.28205752      0.100417867    
  0.427000165       43.3393860      0.211592212       9.46562099       5.66743426E-02  0.468517274      0.334661663      -1.30404222      0.102555677    
  0.429000169       44.2139091      0.225845456       9.70462704       5.76079413E-02  0.485132486      0.367242187      -1.31880188      0.103825204    
  0.431000173       39.6897888      0.229693860       9.53980827       5.73002994E-02  0.528686225      0.237867728      -1.34193373      0.102957189    
  0.433000177       39.7471657      0.226198226       9.83912754       5.67333326E-02  0.549994171      0.329450250      -1.35909736      0.104560345    
  0.435000181       36.6656837      0.263964921       9.81640339       5.70653528E-02  0.585036695      0.308030188      -1.38131034      0.104424074    
  0.437000185       32.6890221      0.254144728       9.64394665       5.59401773E-02  0.617356300      0.277230352      -1.40190744      0.103511572    
  0.439000189       30.2430706      0.245073274       9.56798649       5.87494336E-02  0.639715254      0.318051040      -1.41894925      0.103100568    
  0.441000193       27.4347534      0.253178000       9.23062992       5.69023974E-02  0.664829671      0.181844607      -1.43840814      0.101263821    
  0.443000197       21.6228256      0.231520921       8.67599010       5.38983271E-02  0.693242013      0.233943790      -1.45805466       9.81856510E-02
  0.445000201       20.0692043      0.221999437       8.55175686       5.40930405E-02  0.710565686      0.162642002      -1.47434294       9.74639729E-02
  0.447000206       16.6150951      0.211664855       8.08604813       5.21520078E-02  0.731472671      0.161163315      -1.49198425       9.47810262E-02
  0.449000210       14.0413160      0.198238224       7.66866493       5.04111722E-02  0.747876704      0.132194325      -1.50706792       9.23064351E-02
  0.451000214       11.5638885      0.157628983       7.31294203       4.56239060E-02  0.763231337      0.114329077      -1.52190626       9.01572555E-02
  0.453000218       10.6734543      0.162228152       7.11542988       4.40949313E-02  0.774888515      0.116653077      -1.53576410       8.89226049E-02
  0.455000222       9.38060951      0.161489159       6.76449060       4.26099300E-02  0.787308693      0.111605711      -1.55012643       8.67167935E-02
  0.457000226       8.61009502      0.145426348       6.56187820       4.24335450E-02  0.796440065      0.104734361      -1.56149518       8.53776932E-02
  0.459000230       5.60192966       9.05927792E-02   6.00361633       3.72281224E-02  0.811603189       8.28147158E-02  -1.57593453       8.16627368E-02
  0.461000234       4.90579653       8.48687142E-02   5.69064379       3.60106342E-02  0.820306659       7.65651166E-02  -1.58706248       7.95338750E-02
  0.463000238       4.45984125       7.58673251E-02   5.53935099       3.50073203E-02  0.827905297       7.20311999E-02  -1.59818327       7.84525648E-02
  0.465000242       4.18195009       7.73949176E-02   5.34406233       3.73933055E-02  0.834985316       6.78558648E-02  -1.60926080       7.70680979E-02
  0.467000246       3.75525093       8.22697654E-02   5.07235050       3.48541401E-02  0.842490256       6.58921376E-02  -1.61983168       7.50921443E-02
  0.469000250       3.02617359       4.20539267E-02   4.94200134       3.24639417E-02  0.848556578       5.81661165E-02  -1.62909591       7.41007924E-02
  0.471000254       2.66432714       4.42204624E-02   4.67758274       3.10762264E-02  0.855094612       5.41549660E-02  -1.63930857       7.20771626E-02
  0.473000258       2.24216795       3.00715100E-02   4.50384283       3.02411970E-02  0.861134052       5.05768731E-02  -1.64859140       7.07207918E-02
  0.475000262       2.21316409       3.72882113E-02   4.37240362       2.74548940E-02  0.865413368       4.99155670E-02  -1.65659142       6.96949437E-02
  0.477000266       2.10308504       4.27349508E-02   4.19774818       2.74252538E-02  0.869428575       4.85550500E-02  -1.66452098       6.83028176E-02
  0.479000270       1.67244875       2.19906196E-02   4.02172709       2.92176045E-02  0.875397086       4.30942774E-02  -1.67348218       6.68515339E-02
  0.481000274       1.58255947       2.06778292E-02   3.90499282       2.51918267E-02  0.879387736       4.19160612E-02  -1.68127847       6.58664107E-02
  0.483000278       1.35809052       1.65453274E-02   3.75272942       2.41061915E-02  0.884550691       3.88937779E-02  -1.69005287       6.45816475E-02
  0.485000283       1.49383366       2.78446786E-02   3.71546602       2.55291462E-02  0.886963964       4.08790596E-02  -1.69606721       6.42433167E-02
  0.487000287       1.21146190       1.46394512E-02   3.54564095       2.24934872E-02  0.891283154       3.66745889E-02  -1.70372403       6.27736896E-02
  0.489000291       1.11832476       1.34298038E-02   3.40794683       2.18955334E-02  0.895044684       3.53367142E-02  -1.71097708       6.15213625E-02
  0.491000295       1.03337169       1.28210876E-02   3.29058576       2.06335466E-02  0.898361385       3.39558162E-02  -1.71798873       6.04831576E-02
  0.493000299      0.942959785       1.07808895E-02   3.19498038       2.03122534E-02  0.901486874       3.23639996E-02  -1.72441030       5.95852844E-02
  0.495000303      0.884906232       1.07789990E-02   3.11646128       2.16111876E-02  0.904526234       3.13811600E-02  -1.73059630       5.88521957E-02
  0.497000307      0.837648809       1.03661250E-02   3.00121331       1.84247643E-02  0.907342255       3.05316076E-02  -1.73684311       5.77538460E-02
  0.499000311      0.793341458       9.89896897E-03   2.93173051       1.84417069E-02  0.909569919       2.97135580E-02  -1.74185705       5.70620522E-02
  0.501000285      0.733995914       8.74742027E-03   2.85373855       1.82878580E-02  0.912553906       2.85717230E-02  -1.74802792       5.63138425E-02
  0.503000259      0.697745144       8.51772167E-03   2.79461455       1.88184641E-02  0.915291548       2.78520845E-02  -1.75420105       5.57131805E-02
  0.505000234      0.678539515       8.85361433E-03   2.70217800       1.82405673E-02  0.917376876       2.74397172E-02  -1.75941372       5.47866188E-02
  0.507000208      0.621285498       7.06795696E-03   2.63709545       1.69325285E-02  0.919867396       2.62805168E-02  -1.76481271       5.41376509E-02
  0.509000182      0.592564046       6.86391396E-03   2.57303405       1.62860993E-02  0.922013819       2.56528240E-02  -1.77001309       5.34627363E-02
  0.511000156      0.552867949       6.57388894E-03   2.48740220       1.57876983E-02  0.924292982       2.47769579E-02  -1.77491379       5.25686555E-02
  0.513000131      0.532359838       6.83194865E-03   2.42168808       1.53936027E-02  0.926342905       2.43129153E-02  -1.77984667       5.18655144E-02
  0.515000105      0.507893443       6.19222922E-03   2.39014769       1.54164825E-02  0.928224504       2.37593316E-02  -1.78453958       5.15365154E-02
  0.517000079      0.466111571       5.71650639E-03   2.25626969       1.50096919E-02  0.930517435       2.27427315E-02  -1.78991139       5.00590391E-02
  0.519000053      0.458638906       5.77022973E-03   2.24969149       1.42212128E-02  0.932024598       2.25727987E-02  -1.79386187       5.00038788E-02
  0.521000028      0.435542315       5.58299711E-03   2.18547845       1.43566597E-02  0.933887184       2.20046435E-02  -1.79839528       4.92755696E-02
  0.523000002      0.405543298       4.97918669E-03   2.13467598       1.40837627E-02  0.935572267       2.12251656E-02  -1.80253959       4.87023257E-02
  0.524999976      0.403590381       5.86384349E-03   2.08586001       1.39858359E-02  0.937024117       2.11742558E-02  -1.80631745       4.81394492E-02
  0.526999950      0.369055778       4.72845091E-03   2.01858306       1.30963903E-02  0.938912988       2.02458724E-02  -1.81116724       4.73539606E-02
  0.528999925      0.350147009       4.45811171E-03   1.95316470       1.29119288E-02  0.940411031       1.97237879E-02  -1.81489098       4.65899706E-02
  0.530999899      0.334514380       4.12654504E-03   1.92695093       1.27242627E-02  0.941805243       1.92797948E-02  -1.81849575       4.62699607E-02
  0.532999873      0.321506292       4.23395960E-03   1.85499179       1.24349380E-02  0.943325937       1.88990962E-02  -1.82245326       4.54026498E-02
  0.534999847      0.308372289       3.95328552E-03   1.81677520       1.11772846E-02  0.944832087       1.85113568E-02  -1.82647777       4.49345000E-02
  0.536999822      0.296951801       3.91752319E-03   1.75595248       1.10076023E-02  0.946039736       1.81632545E-02  -1.82981205       4.41757478E-02
  0.538999796      0.287268162       3.82732484E-03   1.74614704       1.12779764E-02  0.947314858       1.78648960E-02  -1.83316469       4.40506004E-02
  0.540999770      0.272140771       3.69673898E-03   1.68642902       1.11942440E-02  0.948651552       1.73914395E-02  -1.83671045       4.32928689E-02
  0.542999744      0.260360777       3.56034446E-03   1.65724337       1.09220119E-02  0.949879169       1.70111619E-02  -1.84006965       4.29102555E-02
  0.544999719      0.250422269       3.46704456E-03   1.60834837       1.07905464E-02  0.951014400       1.66808069E-02  -1.84319282       4.22726162E-02
  0.546999693      0.239021868       3.38242203E-03   1.55356514       9.96078923E-03  0.952269077       1.62962638E-02  -1.84656799       4.15421203E-02
  0.548999667      0.232448176       3.22224037E-03   1.55424917       9.96093079E-03  0.953367293       1.60680674E-02  -1.84966779       4.15518992E-02
