  0.349999994       5.64914179       4.25256938E-02   3.88553143       2.42033061E-02   7.87343234E-02   5.95258214E-02 -0.879834116       4.92788441E-02
  0.351999998       5.80213070       4.27937321E-02   3.90410471       2.46172324E-02   8.05786103E-02   6.03221096E-02 -0.887380958       4.94054668E-02
  0.354000002       6.01804304       4.41367254E-02   3.98364639       2.39606779E-02   8.16278160E-02   6.13185056E-02 -0.895789444       4.98979986E-02
  0.356000006       6.30082893       4.77371700E-02   4.07113647       2.72598155E-02   8.33386034E-02   6.27757162E-02 -0.903477788       5.04415631E-02
  0.358000010       6.55771112       5.27974218E-02   4.05634689       2.59886775E-02   8.55971128E-02   6.40794337E-02 -0.911809325       5.03526554E-02
  0.360000014       6.88554621       5.29267304E-02   4.11305952       2.64076032E-02   8.71749595E-02   6.56170771E-02 -0.919616878       5.06929643E-02
  0.362000018       7.07686234       5.22675291E-02   4.09587669       2.67615393E-02   8.88005495E-02   6.70541003E-02 -0.928316414       5.05830385E-02
  0.364000022       7.37800312       5.36137260E-02   4.24140644       2.83621158E-02   9.06319991E-02   6.80388883E-02 -0.936190963       5.14912345E-02
  0.366000026       7.83715010       5.78834899E-02   4.24726439       2.63798665E-02   9.35797840E-02   7.01702610E-02 -0.945096433       5.15212752E-02
  0.368000031       8.23704243       6.16382621E-02   4.25085449       2.60710176E-02   9.60402414E-02   7.18517378E-02 -0.953229785       5.15380986E-02
  0.370000035       8.72410297       6.34412318E-02   4.39369345       2.88599320E-02   9.90084931E-02   7.39114508E-02 -0.961948812       5.24122752E-02
  0.372000039       9.08513069       7.06425980E-02   4.38187742       2.77788248E-02  0.100599833       7.53533468E-02 -0.970479131       5.23475669E-02
  0.374000043       9.38247299       6.91025928E-02   4.47772264       2.97488943E-02  0.103097253       7.74576142E-02 -0.979620337       5.29125966E-02
  0.376000047       9.90626812       7.22635761E-02   4.53013706       3.06247808E-02  0.106055275       7.88393840E-02 -0.988608539       5.32045513E-02
  0.378000051       10.4485722       7.89482519E-02   4.60082245       2.86344606E-02  0.108865976       8.19860622E-02 -0.997166693       5.36278524E-02
  0.380000055       11.0342703       7.39542767E-02   4.68234158       2.89172307E-02  0.112442315       8.38702694E-02  -1.00690699       5.41011393E-02
  0.382000059       11.6217365       8.54745209E-02   4.66023636       2.89493222E-02  0.115307532       8.66331086E-02  -1.01640940       5.39698787E-02
  0.384000063       12.3129196       8.71505141E-02   4.75393534       3.00604943E-02  0.118617639       8.75805095E-02  -1.02559674       5.45073114E-02
  0.386000067       13.3915062       9.69609693E-02   4.81756067       2.98144910E-02  0.123185098       9.18666348E-02  -1.03479362       5.48533276E-02
  0.388000071       14.1397657       9.98547450E-02   4.92384720       3.07316389E-02  0.127405375       9.43124443E-02  -1.04459012       5.54704219E-02
  0.390000075       15.5559435      0.115622662       4.96400976       3.22900079E-02  0.132601306       9.99602228E-02  -1.05468082       5.57104312E-02
  0.392000079       15.6095695      0.109975547       5.01516438       3.24743390E-02  0.135412633       9.94897112E-02  -1.06444752       5.59924766E-02
  0.394000083       16.9996223      0.111994274       5.14036369       3.22826095E-02  0.142662555      0.105996467      -1.07518041       5.66813126E-02
  0.396000087       18.5452328      0.121399015       5.23134708       3.24934125E-02  0.146607742      0.112455942      -1.08470643       5.71717620E-02
  0.398000091       19.8234539      0.127186984       5.29945946       3.40024270E-02  0.154460013      0.114636026      -1.09594691       5.75578585E-02
  0.400000095       21.7129059      0.146997049       5.43636274       3.59431282E-02  0.159954399      0.125297919      -1.10603297       5.82935922E-02
  0.402000099       23.4012489      0.159578562       5.58982611       3.64360213E-02  0.167267263      0.126225308      -1.11741018       5.91047928E-02
  0.404000103       26.1545296      0.159336895       5.68985271       3.74233760E-02  0.179235101      0.133949459      -1.12921369       5.96323609E-02
  0.406000108       27.8250980      0.171352059       5.81827497       3.73345539E-02  0.184076071      0.156781480      -1.13980865       6.03047498E-02
  0.408000112       30.8883247      0.190061659       6.04725647       3.80748771E-02  0.196699843      0.152212664      -1.15301168       6.14842176E-02
  0.410000116       32.2714348      0.196980566       6.03744078       3.89029272E-02  0.205396384      0.169807240      -1.16369951       6.14340790E-02
  0.412000120       36.3243904      0.211739495       6.37074232       4.21881974E-02  0.215325102      0.181917444      -1.17577505       6.30931631E-02
  0.414000124       38.3885536      0.209470674       6.54682493       4.11955304E-02  0.232642561      0.168509915      -1.18927777       6.39634654E-02
  0.416000128       45.4229279      0.223996118       7.04170799       4.62440513E-02  0.252952754      0.213903487      -1.20389426       6.63439557E-02
  0.418000132       48.7774582      0.246242508       7.25122070       5.04316986E-02  0.267467231      0.210203379      -1.21716058       6.73277676E-02
  0.420000136       50.4882660      0.262591630       7.41993141       4.81578559E-02  0.280094266      0.260256737      -1.22972739       6.80924803E-02
  0.422000140       58.9677734      0.252224416       8.12552166       5.41845560E-02  0.318008870      0.282485217      -1.24849486       7.12630823E-02
  0.424000144       64.8657303      0.280439109       8.61679077       5.83302639E-02  0.336225927      0.232802078      -1.26391661       7.33963549E-02
  0.426000148       65.5738068      0.283445507       8.80839062       5.74490987E-02  0.366039544      0.381672531      -1.28029442       7.42086321E-02
  0.428000152       67.8318939      0.305580914       9.37341213       5.67221083E-02  0.409575224      0.260100394      -1.30098367       7.65533522E-02
  0.430000156       71.7278671      0.338434398       10.1197062       6.54700622E-02  0.442526013      0.422959507      -1.32001841       7.95264095E-02
  0.432000160       69.8816681      0.346111894       10.3382940       6.42515048E-02  0.480535030      0.421007931      -1.34000814       8.03860277E-02
  0.434000164       66.2561340      0.379944563       10.5230484       6.01881780E-02  0.523403406      0.340919733      -1.36292219       8.11129585E-02
  0.436000168       62.6216545      0.403223455       10.6632338       6.18277565E-02  0.556455791      0.349221468      -1.38229287       8.16373676E-02
  0.438000172       59.3587227      0.441060841       10.4648142       6.54432178E-02  0.583834052      0.407850921      -1.40018559       8.08961540E-02
  0.440000176       54.7512779      0.454259366       10.5492525       6.16474487E-02  0.618308544      0.348298222      -1.42124152       8.12011287E-02
  0.442000180       43.5769577      0.412150711       9.92076492       6.01626262E-02  0.653139174      0.138764232      -1.44188511       7.87326396E-02
  0.444000185       27.8202171      0.322902918       8.99990749       5.44275306E-02  0.694315791      0.157386646      -1.46460485       7.50127062E-02
  0.446000189       29.5932674      0.369402945       8.97784901       5.74816130E-02  0.706017673      0.202227399      -1.47873938       7.49264881E-02
  0.448000193       20.8604984      0.292846292       8.21050835       5.62935658E-02  0.733718216      0.129024744      -1.49752676       7.16245621E-02
  0.450000197       18.1729698      0.292731881       7.87185049       5.08908518E-02  0.750133514      0.135529086      -1.51291049       7.01289847E-02
  0.452000201       15.1192694      0.257056028       7.37415934       4.50387485E-02  0.765016258      0.129149482      -1.52761185       6.78894147E-02
  0.454000205       10.7644300      0.167097047       6.97962093       4.61484417E-02  0.780864894       9.03221965E-02  -1.54250467       6.60504550E-02
  0.456000209       11.1024389      0.212950245       6.79609776       4.42642868E-02  0.790022910       9.39510167E-02  -1.55489731       6.51856363E-02
  0.458000213       7.83678913      0.158912867       6.27482080       3.91305722E-02  0.804200292       7.07191080E-02  -1.56940973       6.26287311E-02
  0.460000217       5.51931286       8.88839886E-02   5.86798763       3.87390740E-02  0.815567732       5.95341437E-02  -1.58143651       6.05713129E-02
  0.462000221       6.70846033      0.147080183       5.78492165       3.74729447E-02  0.820937216       6.71588033E-02  -1.59181857       6.01290353E-02
  0.464000225       4.00986624       5.90208843E-02   5.36010075       3.55394185E-02  0.832145691       5.03743924E-02  -1.60408390       5.78831770E-02
  0.466000229       3.56341147       4.54081409E-02   5.21570969       3.44833806E-02  0.838915646       4.74903286E-02  -1.61403394       5.70878275E-02
  0.468000233       3.88302875      0.107308604       5.05930424       3.43871191E-02  0.845006824       4.97833565E-02  -1.62419903       5.62216751E-02
  0.470000237       2.73986936       3.25690657E-02   4.76768541       2.98697315E-02  0.852033854       4.15160805E-02  -1.63426089       5.46038747E-02
  0.472000241       2.60332823       3.93861607E-02   4.63806581       2.94745918E-02  0.857173204       4.05136272E-02  -1.64304042       5.38271330E-02
  0.474000245       2.67972040       6.74237907E-02   4.45656061       2.87460070E-02  0.862882912       4.15201038E-02  -1.65243590       5.27717993E-02
  0.476000249       1.91558242       2.14480404E-02   4.29319572       2.64831465E-02  0.868775547       3.46295796E-02  -1.66156685       5.17970882E-02
  0.478000253       1.86888349       2.13072579E-02   4.13072348       2.71450467E-02  0.872845650       3.42675112E-02  -1.66961229       5.08065261E-02
  0.480000257       1.72494197       1.99154485E-02   4.03250456       2.51061879E-02  0.876849771       3.29324305E-02  -1.67716956       5.02164885E-02
  0.482000262       1.55129397       1.83616225E-02   3.85056996       2.52057277E-02  0.881447554       3.11536267E-02  -1.68539500       4.90534678E-02
  0.484000266       1.39157665       1.51218493E-02   3.68285823       2.28836033E-02  0.885642529       2.95369942E-02  -1.69310033       4.79653217E-02
  0.486000270       1.22120512       1.28444396E-02   3.57294965       2.23463867E-02  0.890002012       2.76699103E-02  -1.70066202       4.72651757E-02
  0.488000274       1.14981866       1.15737189E-02   3.44918633       2.24136095E-02  0.893294692       2.68307757E-02  -1.70776033       4.64276001E-02
  0.490000278       1.06522155       1.04051866E-02   3.37712908       2.12893561E-02  0.896592557       2.58180927E-02  -1.71408510       4.59302180E-02
  0.492000282      0.996647060       1.00537846E-02   3.26668262       2.06601247E-02  0.899906695       2.49587800E-02  -1.72112298       4.51807603E-02
  0.494000286      0.934046745       9.56836808E-03   3.19443178       2.02292353E-02  0.902965486       2.41868794E-02  -1.72749126       4.46836688E-02
  0.496000290      0.881641686       9.73594934E-03   3.08072281       1.95812471E-02  0.905874848       2.34774053E-02  -1.73361707       4.38755564E-02
  0.498000294      0.795232594       7.84211047E-03   2.93874860       1.81636531E-02  0.908836305       2.22888440E-02  -1.73988199       4.28432636E-02
  0.500000298      0.764184058       7.63463788E-03   2.88750267       1.80768203E-02  0.911272943       2.18723584E-02  -1.74539697       4.24876399E-02
  0.502000272      0.723551095       8.29556491E-03   2.80498815       1.73058957E-02  0.913876414       2.12848391E-02  -1.75124776       4.18735817E-02
  0.504000247      0.688086569       7.35187903E-03   2.75565362       1.69303697E-02  0.916359663       2.07389221E-02  -1.75702405       4.15098108E-02
  0.506000221      0.654070377       7.68945925E-03   2.67801023       1.72311030E-02  0.918662488       2.02218276E-02  -1.76206708       4.09042388E-02
  0.508000195      0.612664104       6.52706251E-03   2.61670399       1.64828226E-02  0.920822442       1.95669234E-02  -1.76700425       4.04354148E-02
  0.510000169      0.575511634       6.53572194E-03   2.49316525       1.64225399E-02  0.923168302       1.89656001E-02  -1.77259719       3.94753665E-02
  0.512000144      0.536266208       5.54874120E-03   2.47108698       1.56489145E-02  0.925347984       1.83069780E-02  -1.77743363       3.92919071E-02
  0.514000118      0.517516375       6.29545655E-03   2.37281895       1.58278607E-02  0.927411854       1.79907884E-02  -1.78253067       3.85108814E-02
  0.516000092      0.488646537       5.39453933E-03   2.33126402       1.49831958E-02  0.929113686       1.74769424E-02  -1.78678513       3.81730795E-02
  0.518000066      0.464643151       4.99636587E-03   2.28657436       1.43299429E-02  0.931256950       1.70519110E-02  -1.79185987       3.78132649E-02
  0.520000041      0.440571576       4.82920045E-03   2.21053314       1.40601583E-02  0.932854056       1.65893249E-02  -1.79590404       3.71659957E-02
  0.522000015      0.408068389       4.62564733E-03   2.12888312       1.42046949E-02  0.934859276       1.59702078E-02  -1.80061972       3.64757776E-02
  0.523999989      0.398339719       4.57043620E-03   2.07220650       1.29396534E-02  0.936270952       1.57765113E-02  -1.80441678       3.59831527E-02
  0.525999963      0.377505749       4.21923259E-03   2.04402971       1.32628111E-02  0.938035131       1.53629500E-02  -1.80877531       3.57450284E-02
  0.527999938      0.367857933       4.30238666E-03   1.99935460       1.34105869E-02  0.939552248       1.51608810E-02  -1.81280971       3.53481397E-02
  0.529999912      0.348105907       4.04112786E-03   1.92886448       1.28607256E-02  0.941065311       1.47570521E-02  -1.81674170       3.47298458E-02
  0.531999886      0.332242668       3.95606831E-03   1.89610052       1.23105478E-02  0.942698836       1.44098280E-02  -1.82083559       3.44287418E-02
  0.533999860      0.308152050       3.73367639E-03   1.82667601       1.22605842E-02  0.944198608       1.38759194E-02  -1.82464230       3.37853469E-02
  0.535999835      0.305601180       3.65093653E-03   1.81906271       1.15634985E-02  0.945383668       1.38233677E-02  -1.82797432       3.37201059E-02
  0.537999809      0.284849226       3.45138181E-03   1.74909937       1.09255137E-02  0.946884990       1.33453347E-02  -1.83181393       3.30680422E-02
  0.539999783      0.276670039       3.34719592E-03   1.71179175       1.01687238E-02  0.948018432       1.31429145E-02  -1.83476567       3.26931551E-02
  0.541999757      0.269321710       3.32570239E-03   1.68674672       1.06180450E-02  0.949217975       1.29791237E-02  -1.83826280       3.24784182E-02
  0.543999732      0.255398184       3.23237618E-03   1.63722181       1.06600169E-02  0.950537026       1.26368254E-02  -1.84174097       3.19883265E-02
  0.545999706      0.246606618       3.11504677E-03   1.58392346       1.01911034E-02  0.951768517       1.24131963E-02  -1.84518576       3.14603187E-02
  0.547999680      0.236512676       3.11120390E-03   1.56881511       9.80891753E-03  0.952871740       1.21586649E-02  -1.84816813       3.13107409E-02
