  0.349999994       5.67987347       4.43658009E-02   3.87873173       2.43268386E-02   6.28079996E-02   2.13198829E-04 -0.879641652       1.40129846E-45
  0.351999998       5.85845280       4.57998775E-02   3.92241001       2.54434180E-02   6.40724599E-02   2.16241140E-04 -0.887553692       1.40129846E-45
  0.354000002       5.93481827       4.48815003E-02   3.96363282       2.57814210E-02   6.51594028E-02   2.17997615E-04 -0.895366013       1.40129846E-45
  0.356000006       6.32346344       4.82602268E-02   4.03100395       2.41774153E-02   6.73985928E-02   2.25064709E-04 -0.903780639       1.40129846E-45
  0.358000010       6.54857826       5.03689833E-02   4.02867031       2.46833712E-02   6.81548715E-02   2.28675592E-04 -0.911728978       1.40129846E-45
  0.360000014       6.77619362       5.27940989E-02   4.08898115       2.58100778E-02   6.96832910E-02   2.34076011E-04 -0.919940293       1.40129846E-45
  0.362000018       7.22357512       5.41427135E-02   4.13959503       2.68645324E-02   7.13067278E-02   2.40554451E-04 -0.927792192       1.40129846E-45
  0.364000022       7.31879139       5.41262738E-02   4.19862175       2.60184575E-02   7.24888742E-02   2.41974107E-04 -0.936306715       1.40129846E-45
  0.366000026       7.79959440       5.98835014E-02   4.21926498       2.61620618E-02   7.46604204E-02   2.49597069E-04 -0.944551945       1.40129846E-45
  0.368000031       8.27320480       6.39735311E-02   4.28874207       2.74111908E-02   7.68675953E-02   2.59277935E-04 -0.952991486       1.40129846E-45
  0.370000035       8.66184235       6.16903305E-02   4.35939646       2.74587329E-02   7.86901563E-02   2.64339498E-04 -0.961903572       1.40129846E-45
  0.372000039       9.09564877       6.96923807E-02   4.36681509       2.87496168E-02   8.06339532E-02   2.70135701E-04 -0.970223427       1.40129846E-45
  0.374000043       9.74761200       6.87836036E-02   4.47205162       2.84192394E-02   8.34306702E-02   2.79899454E-04 -0.978832603       1.40129846E-45
  0.376000047       9.99950695       7.70571604E-02   4.50580025       2.75097042E-02   8.41061994E-02   2.82343652E-04 -0.988237798       1.40129846E-45
  0.378000051       10.7326536       7.78451413E-02   4.54419327       2.86390763E-02   8.75131041E-02   2.92424113E-04 -0.997247100       1.40129846E-45
  0.380000055       11.2231083       8.29529464E-02   4.60734367       3.10107935E-02   8.93773958E-02   3.02189612E-04  -1.00694537       1.40129846E-45
  0.382000059       11.8407688       9.18958038E-02   4.69244862       2.95824129E-02   9.20962244E-02   3.12394608E-04  -1.01590979       1.40129846E-45
  0.384000063       12.6590509       9.44713950E-02   4.71273232       2.88258195E-02   9.54730958E-02   3.21900967E-04  -1.02534997       1.40129846E-45
  0.386000067       13.2362757       9.90671143E-02   4.84476233       3.05586159E-02   9.72647294E-02   3.25354078E-04  -1.03454208       1.40129846E-45
  0.388000071       14.2053404      0.106890798       4.86185884       3.01769413E-02  0.100690231       3.46738467E-04  -1.04459870       1.40129846E-45
  0.390000075       15.0555973      0.105618946       4.99129581       3.12823802E-02  0.104814783       3.52239498E-04  -1.05467474       1.40129846E-45
  0.392000079       16.6681442      0.121435314       5.03690958       3.15558612E-02  0.110285960       3.68709880E-04  -1.06476057       1.40129846E-45
  0.394000083       17.4736347      0.122632824       5.06403875       3.31424512E-02  0.112301975       3.74892377E-04  -1.07473052       1.40129846E-45
  0.396000087       18.8896523      0.138265282       5.22526693       3.35331149E-02  0.116312079       4.04352293E-04  -1.08509231       1.40129846E-45
  0.398000091       20.2458572      0.137790710       5.28312635       3.25684063E-02  0.120997198       4.24767932E-04  -1.09518957       1.40129846E-45
  0.400000095       21.9361420      0.156034902       5.44961500       3.43648493E-02  0.127410814       4.23498655E-04  -1.10605848       1.40129846E-45
  0.402000099       23.0661850      0.156659484       5.50780106       3.45988981E-02  0.131833732       4.40935575E-04  -1.11674869       1.40129846E-45
  0.404000103       25.6052971      0.164181858       5.57353497       3.52898166E-02  0.139600351       4.54070629E-04  -1.12869096       1.40129846E-45
  0.406000108       28.9670410      0.207033411       5.76843071       3.64991650E-02  0.146973714       5.34868683E-04  -1.13996124       1.40129846E-45
  0.408000112       30.5389652      0.192840055       5.85055685       3.66698280E-02  0.151342198       5.13765204E-04  -1.15090597       1.40129846E-45
  0.410000116       35.4109650      0.237191468       6.12832594       3.74328047E-02  0.164390057       5.26226126E-04  -1.16320801       1.40129846E-45
  0.412000120       37.6473541      0.251142859       6.18023920       3.90328355E-02  0.171073079       5.88030845E-04  -1.17441988       1.40129846E-45
  0.414000124       44.5211601      0.278803915       6.36561441       4.11892980E-02  0.189851969       6.80455007E-04  -1.18819797       1.40129846E-45
  0.416000128       49.0460472      0.282145768       6.60095882       4.10400033E-02  0.203351155       7.62202777E-04  -1.20175660       1.40129846E-45
  0.418000132       53.5254135      0.307381511       6.80429983       4.54225503E-02  0.215000257       7.24062033E-04  -1.21484637       1.40129846E-45
  0.420000136       61.0858231      0.323510617       7.23259163       4.78869975E-02  0.232621565       9.09591850E-04  -1.22823274       1.40129846E-45
  0.422000140       67.9017639      0.354342431       7.62154722       4.83560711E-02  0.254992127       1.17483502E-03  -1.24336958       1.40129846E-45
  0.424000144       79.0568695      0.357921660       8.14923668       5.21529429E-02  0.282894224       1.45236775E-03  -1.25969458       1.40129846E-45
  0.426000148       85.1239243      0.396502882       8.37395668       5.53625450E-02  0.298780054       1.18107221E-03  -1.27408862       1.40129846E-45
  0.428000152       94.5573349      0.416575581       9.12316704       5.69161773E-02  0.343345702       1.42405822E-03  -1.29271734       1.40129846E-45
  0.430000156       101.670601      0.448157132       9.61765099       5.92574701E-02  0.373221219       8.67591240E-04  -1.31092656       1.40129846E-45
  0.432000160       102.672310      0.474950075       10.3872347       6.32933155E-02  0.434676528       2.29425891E-03  -1.33464217       1.40129846E-45
  0.434000164       106.031555      0.538684905       10.8536749       6.58597797E-02  0.465977818       4.83248936E-04  -1.35286057       1.40129846E-45
  0.436000168       96.7048874      0.542140782       11.0226955       6.64776042E-02  0.512219310       1.55263685E-03  -1.37412739       1.40129846E-45
  0.438000172       78.9850006      0.603413939       10.6771250       6.83670640E-02  0.568317592       8.00469425E-04  -1.39803469       1.40129846E-45
  0.440000176       77.1611633      0.626617253       10.7818050       6.31013438E-02  0.599850714       1.24323135E-03  -1.41844213       1.40129846E-45
  0.442000180       63.0594139      0.594555080       10.4362726       6.48323298E-02  0.636745214       9.95950191E-04  -1.43834543       1.40129846E-45
  0.444000185       50.6215210      0.593974650       9.86873150       6.17516302E-02  0.673314452       1.06568192E-03  -1.45933998       1.40129846E-45
  0.446000189       34.2693367      0.460811943       9.03547478       5.92718162E-02  0.707997203       5.66816889E-04  -1.48024297       1.40129846E-45
  0.448000193       26.8876534      0.396827936       8.41841793       5.58433495E-02  0.727291584       5.86313836E-04  -1.49619222       1.40129846E-45
  0.450000197       20.0651398      0.272641778       7.98562145       5.19145839E-02  0.748478174       4.80313640E-04  -1.51292193       1.40129846E-45
  0.452000201       15.7679682      0.290687531       7.49744415       4.87275310E-02  0.766019702       4.10123350E-04  -1.52815950       1.40129846E-45
  0.454000205       10.4591446      0.150231585       6.85114908       4.46362495E-02  0.781281888       2.85080052E-04  -1.54232848       1.40129846E-45
  0.456000209       8.38871479      0.112453662       6.57939959       4.23182435E-02  0.793427527       2.62930465E-04  -1.55580378       1.40129846E-45
  0.458000213       7.20724726      0.150023609       6.12538433       3.83538231E-02  0.805432737       2.43158618E-04  -1.56921160       1.40129846E-45
  0.460000217       5.20086908       6.04114830E-02   5.82866287       3.73296253E-02  0.816192508       2.07176156E-04  -1.58194780       1.40129846E-45
  0.462000221       4.27159166       4.09901142E-02   5.58648682       3.74490358E-02  0.824853659       1.86096178E-04  -1.59316611       1.40129846E-45
  0.464000225       4.18920040       4.59040031E-02   5.40839243       3.37855667E-02  0.831685364       1.83451572E-04  -1.60385954       1.40129846E-45
  0.466000229       3.65018678       4.21167538E-02   5.21738672       3.41862962E-02  0.838837683       1.72588581E-04  -1.61452329       1.40129846E-45
  0.468000233       3.30105996       4.00792845E-02   4.96315908       3.15252356E-02  0.845368266       1.63416044E-04  -1.62451363       1.40129846E-45
  0.470000237       2.85188556       3.21589336E-02   4.74212074       3.11504975E-02  0.851930678       1.51287852E-04  -1.63455200       1.40129846E-45
  0.472000241       2.47048974       2.50185058E-02   4.61228800       2.84199044E-02  0.857645631       1.40641278E-04  -1.64349020       1.40129846E-45
  0.474000245       2.12370515       2.01757569E-02   4.36403656       2.67678611E-02  0.863492191       1.30441113E-04  -1.65254068       1.40129846E-45
  0.476000249       2.00989175       1.94500815E-02   4.27371836       2.94116195E-02  0.867923915       1.26916959E-04  -1.66078186       1.40129846E-45
  0.478000253       1.84031165       1.80390757E-02   4.12906218       2.66526267E-02  0.873005152       1.21315687E-04  -1.66980422       1.40129846E-45
  0.480000257       1.68557322       1.96413007E-02   3.96531105       2.48733889E-02  0.877857685       1.16453411E-04  -1.67809248       1.40129846E-45
  0.482000262       1.64400697       2.32768580E-02   3.86344886       2.39320155E-02  0.881581903       1.15119583E-04  -1.68537784       1.40129846E-45
  0.484000266       1.37103593       1.46362390E-02   3.70415545       2.45864298E-02  0.885948062       1.04824518E-04  -1.69321251       1.40129846E-45
  0.486000270       1.34904218       1.65966433E-02   3.61482859       2.33622342E-02  0.889403582       1.03995670E-04  -1.70049262       1.40129846E-45
  0.488000274       1.16543555       1.17301922E-02   3.49436784       2.23098677E-02  0.893166661       9.65672953E-05  -1.70749080       1.40129846E-45
  0.490000278       1.11106789       1.07247699E-02   3.39039278       2.00258531E-02  0.896177351       9.43121559E-05  -1.71386933       1.40129846E-45
  0.492000282      0.985215068       9.36761778E-03   3.25018096       2.01598871E-02  0.899808586       8.88082141E-05  -1.72082973       1.40129846E-45
  0.494000286      0.949446857       9.75746196E-03   3.16637635       2.09674817E-02  0.902811587       8.71578814E-05  -1.72730637       1.40129846E-45
  0.496000290      0.878457129       8.27317871E-03   3.06899405       1.94089506E-02  0.905689359       8.38794513E-05  -1.73343611       1.40129846E-45
  0.498000294      0.830338657       8.26392043E-03   2.98816562       1.90247372E-02  0.908519208       8.15516760E-05  -1.73961174       1.40129846E-45
  0.500000298      0.760413945       7.60165509E-03   2.89237881       1.85231622E-02  0.911266088       7.79925831E-05  -1.74538267       1.40129846E-45
  0.502000272      0.714143932       6.86928444E-03   2.80536556       1.71852410E-02  0.913856864       7.55703222E-05  -1.75121629       1.40129846E-45
  0.504000247      0.683628321       6.99249795E-03   2.72964358       1.75425187E-02  0.916314602       7.39344032E-05  -1.75664985       1.40129846E-45
  0.506000221      0.638701558       6.05157530E-03   2.66067171       1.63908172E-02  0.918777347       7.14985217E-05  -1.76226830       1.40129846E-45
  0.508000195      0.601858914       5.94658032E-03   2.58035874       1.64171997E-02  0.921204507       6.93812399E-05  -1.76785576       1.40129846E-45
  0.510000169      0.570765793       5.45913540E-03   2.51040840       1.55000892E-02  0.923094511       6.75628544E-05  -1.77231860       1.40129846E-45
  0.512000144      0.536560953       5.36455540E-03   2.43138289       1.59231108E-02  0.925409317       6.54922478E-05  -1.77785659       1.40129846E-45
  0.514000118      0.515222192       5.20876702E-03   2.39397359       1.61326192E-02  0.927396655       6.42069717E-05  -1.78254235       1.40129846E-45
  0.516000092      0.485324949       4.75348625E-03   2.32830286       1.42649580E-02  0.929399669       6.23229353E-05  -1.78725910       1.40129846E-45
  0.518000066      0.452375144       4.61429683E-03   2.21782351       1.46681974E-02  0.931200027       6.01655265E-05  -1.79161167       1.40129846E-45
  0.520000041      0.435096830       4.59914934E-03   2.19493699       1.48637611E-02  0.933053911       5.89836964E-05  -1.79625487       1.40129846E-45
  0.522000015      0.415036470       4.43942472E-03   2.13359022       1.41567243E-02  0.934772015       5.76300554E-05  -1.80053389       1.40129846E-45
  0.523999989      0.389056236       4.07355651E-03   2.06477046       1.28951417E-02  0.936342239       5.58032516E-05  -1.80446827       1.40129846E-45
  0.525999963      0.380353898       4.02879575E-03   2.04683852       1.28698191E-02  0.938027740       5.51638368E-05  -1.80887425       1.40129846E-45
  0.527999938      0.356623799       3.87233775E-03   1.97620940       1.27151329E-02  0.939619064       5.34158498E-05  -1.81280887       1.40129846E-45
  0.529999912      0.346311122       3.78398481E-03   1.95663464       1.23089477E-02  0.941279948       5.26360127E-05  -1.81708515       1.40129846E-45
  0.531999886      0.328748256       3.65570118E-03   1.87291288       1.17800264E-02  0.942527175       5.12985134E-05  -1.82038200       1.40129846E-45
  0.533999860      0.320116729       3.71981412E-03   1.83620310       1.16564836E-02  0.944018662       5.05962635E-05  -1.82427752       1.40129846E-45
  0.535999835      0.303779602       3.60789243E-03   1.79786456       1.14719765E-02  0.945292056       4.93038278E-05  -1.82760572       1.40129846E-45
  0.537999809      0.290697724       3.39096459E-03   1.75284243       1.07970955E-02  0.946799159       4.82311261E-05  -1.83163106       1.40129846E-45
  0.539999783      0.275390148       3.36581888E-03   1.71592021       1.15097277E-02  0.948140383       4.69399129E-05  -1.83519220       1.40129846E-45
  0.541999757      0.267570108       3.27797770E-03   1.67105925       1.08049940E-02  0.949346483       4.62667122E-05  -1.83851457       1.40129846E-45
  0.543999732      0.254337996       3.16952681E-03   1.61836398       1.01252142E-02  0.950611472       4.51058986E-05  -1.84188139       1.40129846E-45
  0.545999706      0.245943874       3.13317683E-03   1.60339093       1.04922876E-02  0.951697826       4.43597673E-05  -1.84479511       1.40129846E-45
  0.547999680      0.234322056       3.03677074E-03   1.55648470       9.93444398E-03  0.952879429       4.32864254E-05  -1.84809208       1.40129846E-45
  0.413000017       40.3986931      0.266641974       6.29744053       4.16802876E-02  0.180400208       6.57578756E-04  -1.18079591       1.40129846E-45
  0.415000021       44.2118721      0.268140495       6.47363901       4.04618606E-02  0.188934997       7.08236883E-04  -1.19286489       1.40129846E-45
  0.417000026       54.6250534      0.316830635       6.96557760       4.40142117E-02  0.212918267       6.91416732E-04  -1.20852530       1.40129846E-45
  0.419000030       57.4953918      0.313083142       7.11101055       4.79581282E-02  0.222894207       9.01942607E-04  -1.22051203       1.40129846E-45
  0.421000034       63.4577560      0.336312890       7.34327221       4.55822870E-02  0.240766555       1.34458486E-03  -1.23544800       1.40129846E-45
  0.423000038       73.4708023      0.349001557       7.84258652       5.30618057E-02  0.263133079       8.45282921E-04  -1.25029790       1.40129846E-45
  0.425000042       84.0058212      0.378649205       8.43192196       5.71118705E-02  0.297601342       1.23154430E-03  -1.26737082       1.40129846E-45
  0.427000046       89.7497406      0.419420034       8.64845848       5.21627739E-02  0.325917959       1.02838711E-03  -1.28405130       1.40129846E-45
  0.429000050       94.6155777      0.433901429       9.16567326       5.73840998E-02  0.345593542       1.49826019E-03  -1.29915035       1.40129846E-45
  0.431000054       102.127678      0.456055969       10.0460157       6.17028549E-02  0.414810479       9.99237178E-04  -1.32476044       1.40129846E-45
  0.433000058       104.439545      0.496142000       10.7543001       6.65904060E-02  0.448249131       2.19256897E-03  -1.34274721       1.40129846E-45
  0.435000062       100.570160      0.565762222       11.0915184       6.62731230E-02  0.499783278       1.48961658E-03  -1.36656046       1.40129846E-45
  0.437000066       91.6407013      0.622681916       11.2281837       6.40691966E-02  0.543023467       1.23548834E-03  -1.38683546       1.40129846E-45
  0.439000070       73.8850555      0.641967118       10.8569126       6.49451762E-02  0.597534359       8.60095897E-04  -1.41184998       1.40129846E-45
  0.441000074       64.5633316      0.554773927       10.5737667       6.21824749E-02  0.624516904       1.14198599E-03  -1.42954171       1.40129846E-45
  0.443000078       52.7516212      0.573310494       10.0461054       5.97155057E-02  0.661806881       7.14227906E-04  -1.45067823       1.40129846E-45
  0.445000082       38.9204025      0.493022084       9.32885456       5.93614914E-02  0.691607714       7.41301221E-04  -1.46936417       1.40129846E-45
  0.447000086       25.4818535      0.374173492       8.56944656       5.22709116E-02  0.722601771       5.44970215E-04  -1.48975277       1.40129846E-45
  0.449000090       22.4079399      0.396555960       8.07499027       5.20177037E-02  0.742203057       5.33356739E-04  -1.50612831       1.40129846E-45
  0.451000094       13.7394638      0.158303931       7.59082222       4.62506898E-02  0.760453463       3.72821174E-04  -1.52136350       1.40129846E-45

