  0.350999981       5.64280748       4.75037172E-02   3.92867899       2.42844988E-02   6.36891201E-02   2.12699408E-04 -0.883869350       1.40129846E-45
  0.351999968       5.71870279       4.10285778E-02   3.92145467       2.45827548E-02   6.40596449E-02   2.13572610E-04 -0.887383878       1.40129846E-45
  0.352999955       5.95304155       4.65251170E-02   3.93961048       2.55425237E-02   6.48788363E-02   2.18336412E-04 -0.891628802       1.40129846E-45
  0.353999943       6.07722664       4.75380011E-02   3.98623276       2.50781141E-02   6.54987916E-02   2.20854476E-04 -0.895371199       1.40129846E-45
  0.354999930       6.21743631       4.89124618E-02   3.94776225       2.51110923E-02   6.64158762E-02   2.22890187E-04 -0.899560392       1.40129846E-45
  0.355999917       6.38550711       5.08887582E-02   4.03995323       2.52233446E-02   6.72189966E-02   2.26285541E-04 -0.903599560       1.40129846E-45
  0.356999904       6.50039816       4.84189950E-02   4.03597927       2.42952108E-02   6.79303035E-02   2.28116405E-04 -0.907447100       1.40129846E-45
  0.357999891       6.65508890       5.21738715E-02   4.05721664       2.51862928E-02   6.79464862E-02   2.31076425E-04 -0.911554396       1.40129846E-45
  0.358999878       6.72844696       5.10167070E-02   4.08369493       2.37962101E-02   6.89511076E-02   2.32295541E-04 -0.915512681       1.40129846E-45
  0.359999865       6.94575882       4.93084751E-02   4.11820459       2.40606293E-02   6.96177408E-02   2.35422893E-04 -0.919969141       1.40129846E-45
  0.360999852       7.02478838       5.38876131E-02   4.12140608       2.52967961E-02   7.04016015E-02   2.37179891E-04 -0.923944592       1.40129846E-45
  0.361999840       7.22872305       5.69496900E-02   4.14526939       2.60944720E-02   7.13522583E-02   2.40773617E-04 -0.928087473       1.40129846E-45
  0.362999827       7.19453096       5.30067123E-02   4.16558123       2.73431577E-02   7.15305060E-02   2.40431109E-04 -0.932179034       1.40129846E-45
  0.363999814       7.55467272       6.02831542E-02   4.18719196       2.66187489E-02   7.31115639E-02   2.47150834E-04 -0.936222434       1.40129846E-45
  0.364999801       7.61205101       5.70297576E-02   4.22089720       2.54071504E-02   7.37164766E-02   2.47284828E-04 -0.940462708       1.40129846E-45
  0.365999788       7.89505386       6.16000555E-02   4.26037025       2.79371738E-02   7.47618005E-02   2.50826444E-04 -0.944724202       1.40129846E-45
  0.366999775       8.22121906       6.21636398E-02   4.30235529       2.88526304E-02   7.61542469E-02   2.56588013E-04 -0.948849201       1.40129846E-45
  0.367999762       8.10964966       6.60070404E-02   4.32843733       2.84892228E-02   7.61719048E-02   2.54347338E-04 -0.952913463       1.40129846E-45
  0.368999749       8.31533432       6.28751814E-02   4.27831364       2.73566414E-02   7.69146308E-02   2.57072301E-04 -0.957487345       1.40129846E-45
  0.369999737       8.65419388       6.47560284E-02   4.30882597       2.84283347E-02   7.82885030E-02   2.63056369E-04 -0.961850405       1.40129846E-45
