  0.349999994       5.67714787       4.40155454E-02   3.89891171       2.40978152E-02   5.24916612E-02   3.97490226E-02 -0.879672408       3.29073332E-02
  0.351999998       5.86536169       5.09890802E-02   3.87468815       2.40673851E-02   5.33510074E-02   4.03805114E-02 -0.887526393       3.28086354E-02
  0.354000002       6.07723284       4.96558063E-02   3.95724201       2.58931015E-02   5.46946600E-02   4.10650820E-02 -0.895659626       3.31524685E-02
  0.356000006       6.31896067       4.78955954E-02   3.98946667       2.35869549E-02   5.56667633E-02   4.19487357E-02 -0.903487682       3.32925506E-02
  0.358000010       6.57248354       5.01759201E-02   4.04471922       2.59361994E-02   5.65881245E-02   4.27745506E-02 -0.911169529       3.35242823E-02
  0.360000014       6.89929152       5.50838113E-02   4.10351562       2.74846461E-02   5.80985993E-02   4.37997133E-02 -0.919853926       3.37610170E-02
  0.362000018       7.20816612       5.82519248E-02   4.17781162       2.53212173E-02   5.93011416E-02   4.46765758E-02 -0.928074360       3.40566672E-02
  0.364000022       7.55870819       6.15929775E-02   4.12929916       2.76771188E-02   6.05928041E-02   4.58905473E-02 -0.936653018       3.38638499E-02
  0.366000026       7.90081692       6.12420440E-02   4.26031208       2.76543722E-02   6.23559020E-02   4.69011515E-02 -0.945087492       3.43994834E-02
  0.368000031       8.25021267       6.75419345E-02   4.24927378       2.75278650E-02   6.35267645E-02   4.79269959E-02 -0.953299463       3.43563706E-02
  0.370000035       8.65732193       7.37545118E-02   4.30353975       2.71862932E-02   6.50222525E-02   4.89983931E-02 -0.961886644       3.45834382E-02
  0.372000039       8.95832062       6.75259456E-02   4.39777708       2.78874859E-02   6.61237538E-02   5.00132777E-02 -0.970566273       3.49388570E-02
  0.374000043       9.56475639       7.88432509E-02   4.41245031       2.82685552E-02   6.85230345E-02   5.15778959E-02 -0.979751348       3.50160636E-02
  0.376000047       10.1838608       8.16047937E-02   4.48002863       2.87543088E-02   7.01128840E-02   5.30970618E-02 -0.988369167       3.52799445E-02
  0.378000051       10.5550089       8.17147568E-02   4.59006119       2.86405534E-02   7.21143484E-02   5.43287322E-02 -0.997560263       3.57082821E-02
  0.380000055       11.3655205       8.77028927E-02   4.61461830       2.75093131E-02   7.51512051E-02   5.64378314E-02  -1.00683701       3.57991681E-02
  0.382000059       11.7329636       9.43360925E-02   4.68583488       3.02561726E-02   7.61363432E-02   5.68342656E-02  -1.01599073       3.60826924E-02
  0.384000063       12.5621681       9.86601710E-02   4.75353813       2.99081113E-02   7.82326683E-02   5.90639226E-02  -1.02548349       3.63402702E-02
  0.386000067       13.5739231       9.95101258E-02   4.84147263       3.10443360E-02   8.21363851E-02   6.15836009E-02  -1.03492582       3.66731808E-02
  0.388000071       14.7514420      0.101774864       4.93248177       3.26281972E-02   8.50762725E-02   6.39870539E-02  -1.04486191       3.70189808E-02
  0.390000075       15.7744761      0.121021457       4.98206139       3.28024030E-02   8.84884968E-02   6.69327006E-02  -1.05442560       3.71955521E-02
  0.392000079       16.4245262      0.123976000       5.04415035       3.29694673E-02   8.94267559E-02   6.78263158E-02  -1.06445348       3.74351330E-02
  0.394000083       17.1809788      0.126693040       5.10173178       3.42073627E-02   9.29775685E-02   7.02349469E-02  -1.07435083       3.76428515E-02
  0.396000087       18.8931789      0.133949056       5.25683498       3.31755094E-02   9.72827449E-02   7.31716007E-02  -1.08499217       3.82219218E-02
  0.398000091       20.5293579      0.149975240       5.28732443       3.45601402E-02  0.101331532       7.55408555E-02  -1.09513307       3.83182094E-02
  0.400000095       22.4034328      0.162861481       5.32093573       3.27303410E-02  0.106584854       8.28956589E-02  -1.10624206       3.84510681E-02
  0.402000099       23.6875782      0.177871585       5.49897099       3.57318074E-02  0.108877599       8.14619735E-02  -1.11703503       3.90859209E-02
  0.404000103       25.3397675      0.181549534       5.51625538       3.45174298E-02  0.114379510       8.67158473E-02  -1.12801790       3.91403176E-02
  0.406000108       28.4679127      0.196617529       5.63640213       3.72620076E-02  0.120398059       8.90544057E-02  -1.13906097       3.95718217E-02
  0.408000112       31.1967258      0.227025807       5.78081799       3.60056646E-02  0.126499131       9.91610587E-02  -1.15061045       4.00648452E-02
  0.410000116       35.0351105      0.240148067       5.98891497       3.81960943E-02  0.135641396      0.100256145      -1.16282010       4.07884903E-02
  0.412000120       39.0825233      0.265662879       6.16027403       3.99580449E-02  0.142922252      0.105280273      -1.17440450       4.13716100E-02
  0.414000124       44.9139404      0.312611431       6.31429148       4.35617268E-02  0.154238269      0.118395180      -1.18751144       4.18886840E-02
  0.416000128       50.3667679      0.312354624       6.57316113       4.32650819E-02  0.165093079      0.135493129      -1.20024896       4.27376628E-02
  0.418000132       58.0205002      0.362380654       6.69640207       4.40363288E-02  0.179321304      0.146107346      -1.21309721       4.31199595E-02
  0.420000136       71.0068970      0.425438166       7.15445232       4.95631322E-02  0.202274337      0.192368239      -1.22808266       4.45785895E-02
  0.422000140       77.4525909      0.419806004       7.27841473       4.95674871E-02  0.214954525      0.205498919      -1.24171102       4.49642353E-02
  0.424000144       82.5832748      0.451865375       7.51282978       4.94821668E-02  0.229290918      0.166383579      -1.25556135       4.56716307E-02
  0.426000148       96.0170288      0.509423792       7.94746828       4.67874557E-02  0.251401514      0.251024395      -1.27099895       4.69842553E-02
  0.428000152       115.607300      0.517922401       8.87689781       5.67970648E-02  0.300038248      0.318246692      -1.28988099       4.96616773E-02
  0.430000156       127.359123      0.549216390       9.54430008       6.02529459E-02  0.334948480      0.302658767      -1.30720770       5.14790229E-02
  0.432000160       137.495422      0.625032246       10.2122383       6.19675517E-02  0.389138401      0.431410313      -1.32925546       5.32723069E-02
  0.434000164       141.929886      0.689358056       10.7786074       6.71077296E-02  0.420083702      0.401078880      -1.34613764       5.47187030E-02
  0.436000168       132.407898      0.812574983       11.2220030       6.79991618E-02  0.494586170      0.241061613      -1.37268889       5.58251999E-02
  0.438000172       129.499115      0.847008049       11.5845757       6.47076890E-02  0.526701391      0.317750514      -1.39157081       5.67319021E-02
  0.440000176       91.4812469      0.847498894       11.0539312       6.79160729E-02  0.600026667      0.216363609      -1.41928256       5.54174110E-02
  0.442000180       68.9553757      0.701603651       10.4723997       6.37629107E-02  0.641846299      0.195440665      -1.44056153       5.39350510E-02
  0.444000185       70.6959076      0.854417503       10.3071804       6.95887655E-02  0.660709321      0.232051104      -1.45713735       5.35061471E-02
  0.446000189       44.9404831      0.636701286       9.35513210       5.92236668E-02  0.700516224      0.148991048      -1.47836483       5.09708524E-02
  0.448000193       25.6189251      0.324066788       8.54480648       5.51211201E-02  0.730315447      0.105213344      -1.49704003       4.87272143E-02
  0.450000197       24.1950073      0.437448591       8.10492802       5.31985648E-02  0.746315718       9.39293504E-02  -1.51219428       4.74310704E-02
  0.452000201       12.5148411      0.135841340       7.31378841       4.40706685E-02  0.766675651       5.94698824E-02  -1.52801061       4.50629853E-02
  0.454000205       12.5400000      0.167433947       7.08088589       4.54465337E-02  0.778405845       5.99579774E-02  -1.54177785       4.43478860E-02
  0.456000209       8.90037918      0.173622906       6.51513767       4.22782376E-02  0.793872595       5.12479097E-02  -1.55644500       4.25453894E-02
  0.458000213       6.28285933       6.34162053E-02   6.09920025       3.98725271E-02  0.805751026       4.20893840E-02  -1.56909621       4.11585644E-02
  0.460000217       5.56771421       5.64005077E-02   5.93127584       3.95585075E-02  0.814644933       3.96303572E-02  -1.58081043       4.05880660E-02
  0.462000221       5.22591496       6.16235696E-02   5.62990475       3.31807584E-02  0.822538912       3.82877514E-02  -1.59235764       3.95461544E-02
  0.464000225       3.95481730       4.35630158E-02   5.32555389       3.39813866E-02  0.832473278       3.31733674E-02  -1.60434985       3.84645313E-02
  0.466000229       3.50976849       3.76436859E-02   5.11429501       3.40431929E-02  0.838962495       3.13117057E-02  -1.61444771       3.76929492E-02
  0.468000233       3.19245934       3.32789831E-02   4.91010857       3.21031287E-02  0.845752895       2.98292264E-02  -1.62471032       3.69313657E-02
  0.470000237       2.80646968       2.78354194E-02   4.78489017       3.19964513E-02  0.852122962       2.79402528E-02  -1.63443136       3.64524350E-02
  0.472000241       2.52139330       2.58930549E-02   4.59819603       2.98393723E-02  0.857864380       2.65020728E-02  -1.64372170       3.57352272E-02
  0.474000245       2.26351166       2.20817048E-02   4.43055916       2.90304217E-02  0.863072515       2.51111276E-02  -1.65243244       3.50821987E-02
  0.476000249       1.96748137       1.91754401E-02   4.22207212       2.60058474E-02  0.868404508       2.33798083E-02  -1.66135645       3.42455395E-02
  0.478000253       1.91892219       2.11470090E-02   4.13763475       2.54254658E-02  0.872696817       2.31011547E-02  -1.66944373       3.38960364E-02
  0.480000257       1.63845170       1.48049006E-02   3.96058679       2.57924236E-02  0.877684772       2.13653632E-02  -1.67776144       3.31593119E-02
  0.482000262       1.63783371       2.37386655E-02   3.86834741       2.40782537E-02  0.881591737       2.13719439E-02  -1.68549716       3.27801481E-02
  0.484000266       1.41833758       1.39203640E-02   3.69618559       2.39358619E-02  0.885518253       1.98609028E-02  -1.69273448       3.20446789E-02
  0.486000270       1.26193571       1.14201279E-02   3.57761335       2.41546948E-02  0.889590323       1.87295284E-02  -1.70043433       3.15230340E-02
  0.488000274       1.22335649       1.19773867E-02   3.50056696       2.09834948E-02  0.892807662       1.84420552E-02  -1.70714092       3.11847609E-02
  0.490000278       1.08571255       1.03540216E-02   3.38870668       2.08071861E-02  0.896628678       1.73727851E-02  -1.71435595       3.06799747E-02
  0.492000282      0.992869794       9.17685311E-03   3.23787642       1.95462424E-02  0.899982214       1.66103300E-02  -1.72116792       2.99852826E-02
  0.494000286      0.950629771       8.81398376E-03   3.18884087       2.09524985E-02  0.902778208       1.62531063E-02  -1.72732472       2.97674071E-02
  0.496000290      0.890244246       8.43036268E-03   3.08122516       2.08341889E-02  0.905827045       1.57213528E-02  -1.73373246       2.92557143E-02
  0.498000294      0.825400412       7.69793149E-03   2.98012471       1.95278842E-02  0.908609629       1.51414303E-02  -1.73960233       2.87686251E-02
  0.500000298      0.758648515       6.88297022E-03   2.87557435       1.91704948E-02  0.911370456       1.45180710E-02  -1.74553216       2.82646399E-02
  0.502000272      0.722982407       6.40245155E-03   2.82921720       1.77030414E-02  0.914009988       1.41755193E-02  -1.75143206       2.80380920E-02
  0.504000247      0.686344028       6.06886670E-03   2.73041892       1.66332591E-02  0.916315496       1.38087925E-02  -1.75676715       2.75376365E-02
  0.506000221      0.654066980       6.42461423E-03   2.65481424       1.71623472E-02  0.918731093       1.34787941E-02  -1.76226401       2.71610133E-02
  0.508000195      0.595562041       5.74832782E-03   2.56064010       1.61849447E-02  0.921131551       1.28636686E-02  -1.76767564       2.66752820E-02
  0.510000169      0.574283481       5.49267791E-03   2.52424502       1.61938854E-02  0.923224092       1.26335779E-02  -1.77263951       2.64806934E-02
  0.512000144      0.537226796       5.14263427E-03   2.45721960       1.56194475E-02  0.925390363       1.22187091E-02  -1.77770030       2.61271652E-02
  0.514000118      0.507261574       4.81131347E-03   2.37348247       1.47606125E-02  0.927395105       1.18694864E-02  -1.78247190       2.56744716E-02
  0.516000092      0.481385410       4.63016983E-03   2.29512334       1.47573855E-02  0.929280341       1.15624182E-02  -1.78710449       2.52475347E-02
  0.518000066      0.460168779       4.47834609E-03   2.24814105       1.41592585E-02  0.931114376       1.13030113E-02  -1.79157281       2.49815676E-02
  0.520000041      0.439019352       4.38017538E-03   2.18855453       1.40374471E-02  0.933024228       1.10400543E-02  -1.79624486       2.46483553E-02
  0.522000015      0.420044392       4.18796064E-03   2.15646434       1.34245278E-02  0.934726954       1.08017074E-02  -1.80054677       2.44728401E-02
  0.523999989      0.395793915       4.01553605E-03   2.07190943       1.34591497E-02  0.936367333       1.04847690E-02  -1.80471277       2.39897743E-02
  0.525999963      0.383368969       4.07971907E-03   2.06024718       1.42486561E-02  0.938035965       1.03193829E-02  -1.80892766       2.39209309E-02
  0.527999938      0.359423190       3.89716891E-03   1.97568655       1.25534730E-02  0.939650297       9.99228004E-03  -1.81301510       2.34284308E-02
  0.529999912      0.343393981       3.77842644E-03   1.95376527       1.27484789E-02  0.941213131       9.76634957E-03  -1.81703842       2.32942905E-02
  0.531999886      0.329518884       3.58680100E-03   1.87931347       1.16662495E-02  0.942660689       9.56646446E-03  -1.82085466       2.28472706E-02
  0.533999860      0.322124839       3.57558695E-03   1.87522686       1.22425277E-02  0.943965852       9.45884455E-03  -1.82433784       2.28192899E-02
  0.535999835      0.301519662       3.41831427E-03   1.79510868       1.14069441E-02  0.945388913       9.15112998E-03  -1.82807982       2.23313868E-02
  0.537999809      0.288589954       3.28922155E-03   1.74755394       1.12644229E-02  0.946733117       8.95492453E-03  -1.83167732       2.20339373E-02
  0.539999783      0.276513427       3.21106706E-03   1.71181619       1.09539684E-02  0.947960019       8.76710471E-03  -1.83493876       2.18119100E-02
  0.541999757      0.269850641       3.25008016E-03   1.68449926       1.07395835E-02  0.949282289       8.65746941E-03  -1.83849311       2.16299370E-02
  0.543999732      0.255313039       3.05421278E-03   1.61970651       1.01784887E-02  0.950478911       8.41975957E-03  -1.84176314       2.12103408E-02
  0.545999706      0.243774936       2.97814538E-03   1.58264959       1.00621851E-02  0.951714456       8.22743494E-03  -1.84508109       2.09644474E-02
  0.547999680      0.235254884       2.96827964E-03   1.53821552       9.58952587E-03  0.952789009       8.08150414E-03  -1.84812284       2.06654482E-02
