  0.349999994       5.59691000       4.39908393E-02   3.89986181       2.52387505E-02   4.49787788E-02   1.51264365E-04 -0.879985988       1.40129846E-45
  0.351999998       5.87287664       4.83887605E-02   3.95004153       2.47008000E-02   4.64056730E-02   1.54851557E-04 -0.887712896       1.40129846E-45
  0.354000002       5.99237490       4.93092239E-02   3.97939944       2.59653628E-02   4.63354848E-02   1.56404712E-04 -0.895414054       1.40129846E-45
  0.356000006       6.20110416       5.47737367E-02   4.00643969       2.66501084E-02   4.73763384E-02   1.59163770E-04 -0.903583348       1.40129846E-45
  0.358000010       6.60885143       5.45455590E-02   4.06139183       2.62276530E-02   4.86445203E-02   1.64553931E-04 -0.911655486       1.40129846E-45
  0.360000014       6.85710955       5.48444577E-02   4.09957266       2.74316985E-02   4.98293899E-02   1.67035003E-04 -0.919584036       1.40129846E-45
  0.362000018       7.19538927       6.01312183E-02   4.15355396       2.58667096E-02   5.06529920E-02   1.71609645E-04 -0.927821875       1.40129846E-45
  0.364000022       7.57684803       6.37660697E-02   4.19911242       2.69871447E-02   5.17426133E-02   1.75666719E-04 -0.936383963       1.40129846E-45
  0.366000026       7.84812403       6.45822287E-02   4.27641678       2.67945770E-02   5.28434291E-02   1.78983348E-04 -0.944877207       1.40129846E-45
  0.368000031       8.24107933       6.59632087E-02   4.27599764       2.71508265E-02   5.44780158E-02   1.83731710E-04 -0.953488648       1.40129846E-45
  0.370000035       8.70098591       7.33887851E-02   4.34915638       2.81647872E-02   5.57806790E-02   1.88611215E-04 -0.962015986       1.40129846E-45
  0.372000039       9.15443039       7.15078041E-02   4.39241123       2.84754895E-02   5.75217493E-02   1.94155582E-04 -0.970810235       1.40129846E-45
  0.374000043       9.58789825       7.94869587E-02   4.45221281       2.76470687E-02   5.83468378E-02   1.98994225E-04 -0.979566574       1.40129846E-45
  0.376000047       10.0489006       8.38373750E-02   4.49159479       2.88275480E-02   5.98718226E-02   2.03281917E-04 -0.988585055       1.40129846E-45
  0.378000051       10.9165936       9.54727754E-02   4.58434105       3.06749903E-02   6.21018559E-02   2.12675965E-04 -0.997799993       1.40129846E-45
  0.380000055       11.3807774       9.88329649E-02   4.62273264       3.01203094E-02   6.37574494E-02   2.16075685E-04  -1.00669825       1.40129846E-45
  0.382000059       11.7379684       9.66554433E-02   4.68834972       2.84516830E-02   6.49277866E-02   2.19915222E-04  -1.01576793       1.40129846E-45
  0.384000063       12.6466589      0.102073491       4.75110435       3.08299959E-02   6.79705441E-02   2.27050812E-04  -1.02548003       1.40129846E-45
  0.386000067       13.5446806      0.107624955       4.77896833       3.15830745E-02   6.99313059E-02   2.35580854E-04  -1.03486717       1.40129846E-45
  0.388000071       14.0905581      0.108122937       4.88266993       3.04566007E-02   7.13821948E-02   2.41177244E-04  -1.04446816       1.40129846E-45
  0.390000075       15.3512754      0.118168280       4.94147491       2.93687414E-02   7.46122226E-02   2.52066297E-04  -1.05464816       1.40129846E-45
  0.392000079       16.7412262      0.136749238       5.06521130       3.28946039E-02   7.74738193E-02   2.63509894E-04  -1.06426716       1.40129846E-45
  0.394000083       17.4555874      0.129882917       5.21510267       3.29967216E-02   7.99882188E-02   2.69145617E-04  -1.07491946       1.40129846E-45
  0.396000087       19.3458977      0.159108400       5.24759340       3.42982672E-02   8.30625892E-02   2.87556875E-04  -1.08497036       1.40129846E-45
  0.398000091       20.2451134      0.155660704       5.30805922       3.44641395E-02   8.60508904E-02   2.91646982E-04  -1.09531260       1.40129846E-45
  0.400000095       22.4436512      0.182713360       5.44073915       3.57833318E-02   9.06872973E-02   3.06171161E-04  -1.10614955       1.40129846E-45
  0.402000099       24.5809746      0.187002838       5.53830862       3.56140323E-02   9.40350592E-02   3.22180480E-04  -1.11674404       1.40129846E-45
  0.404000103       27.6098213      0.188418716       5.62337828       3.80782522E-02  0.100674883       3.42775456E-04  -1.12794769       1.40129846E-45
  0.406000108       29.2781467      0.216715172       5.77642870       3.69622223E-02  0.103567265       3.54875636E-04  -1.13920212       1.40129846E-45
  0.408000112       32.2758789      0.244166091       5.89080238       3.80261727E-02  0.111743271       3.73594637E-04  -1.15085721       1.40129846E-45
  0.410000116       36.1717033      0.270640612       5.97042179       3.95096056E-02  0.115174465       4.07156505E-04  -1.16261923       1.40129846E-45
  0.412000120       40.5801392      0.271858484       6.10697412       3.84613909E-02  0.122022510       4.61562362E-04  -1.17473161       1.40129846E-45
  0.414000124       49.9798393      0.356968403       6.41442585       4.39028703E-02  0.135174990       4.96044755E-04  -1.18703043       1.40129846E-45
  0.416000128       49.5218124      0.351556242       6.37283659       4.42598760E-02  0.140851721       4.73782886E-04  -1.19997919       1.40129846E-45
  0.418000132       60.7940903      0.404719710       6.60649776       4.17219885E-02  0.156129479       5.71666635E-04  -1.21291459       1.40129846E-45
  0.420000136       70.0803528      0.410200149       6.94961596       4.68860380E-02  0.168969497       6.17807673E-04  -1.22660506       1.40129846E-45
  0.422000140       80.5575714      0.491547912       7.14894295       4.72393669E-02  0.180693850       6.45218592E-04  -1.24065208       1.40129846E-45
  0.424000144       90.0718842      0.556965470       7.39867401       4.71226498E-02  0.193439633       7.89048849E-04  -1.25443399       1.40129846E-45
  0.426000148       112.016068      0.634876549       7.99182940       5.22615872E-02  0.216320291       7.70406506E-04  -1.27010369       1.40129846E-45
  0.428000152       121.960983      0.611465514       8.33970642       5.31618595E-02  0.251113117       1.39046833E-03  -1.28591406       1.40129846E-45
  0.430000156       151.910309      0.727047801       9.40257454       6.00418709E-02  0.292110085       1.34463480E-03  -1.30406642       1.40129846E-45
  0.432000160       171.966049      0.759418726       9.82674217       5.99103794E-02  0.329535067       1.62592274E-03  -1.32353580       1.40129846E-45
  0.434000164       182.614212      0.848912477       10.8318148       6.83929473E-02  0.390427798       1.29213941E-03  -1.34465063       1.40129846E-45
  0.436000168       191.761490      0.922074676       11.4557476       7.16002882E-02  0.440164387       2.80700065E-03  -1.36614943       1.40129846E-45
  0.438000172       152.865738       1.09472644       11.8107624       7.36327171E-02  0.530320704       1.55994634E-03  -1.39380145       1.40129846E-45
  0.440000176       139.976074       1.12258387       11.9383879       7.06488043E-02  0.574807346       2.71878392E-03  -1.41563880       1.40129846E-45
  0.442000180       117.741096       1.11732900       11.3281336       7.13341236E-02  0.611271918       1.39731786E-03  -1.43472028       1.40129846E-45
  0.444000185       89.0505066       1.03956985       10.7281713       6.88523352E-02  0.662501872       6.74667594E-04  -1.45911562       1.40129846E-45
  0.446000189       47.8115349      0.712725699       9.32881069       5.73479235E-02  0.700616658       6.09716284E-04  -1.47854900       1.40129846E-45
  0.448000193       28.3987103      0.437430024       8.49117565       5.60335740E-02  0.728281498       3.95191892E-04  -1.49657953       1.40129846E-45
  0.450000197       24.7033176      0.528646946       8.01090908       5.14510572E-02  0.749262512       3.40779865E-04  -1.51341331       1.40129846E-45
  0.452000201       14.4175777      0.234165415       7.44515657       4.89944220E-02  0.767576873       2.50707613E-04  -1.52874982       1.40129846E-45
  0.454000205       10.0224438      0.103957132       6.95248890       4.43015471E-02  0.782167196       2.03286458E-04  -1.54304731       1.40129846E-45
  0.456000209       8.71303654       9.78659168E-02   6.58570766       4.19402607E-02  0.794377685       1.91156592E-04  -1.55672050       1.40129846E-45
  0.458000213       6.88157225       6.78884611E-02   6.22408438       3.96973863E-02  0.804732680       1.70759275E-04  -1.56892800       1.40129846E-45
  0.460000217       6.09804964       7.31300041E-02   5.85734606       3.80535387E-02  0.814244628       1.58265670E-04  -1.58111751       1.40129846E-45
  0.462000221       5.26655912       5.85058443E-02   5.69157696       3.62850428E-02  0.822559297       1.46660881E-04  -1.59216189       1.40129846E-45
  0.464000225       4.50477934       5.00775017E-02   5.40143013       3.23748216E-02  0.830834866       1.37363866E-04  -1.60323048       1.40129846E-45
  0.466000229       3.91455245       4.78305854E-02   5.19613695       3.38301323E-02  0.838670135       1.26323052E-04  -1.61434889       1.40129846E-45
  0.468000233       3.21356225       3.17626931E-02   5.02698851       3.30123007E-02  0.845856309       1.14819130E-04  -1.62448919       1.40129846E-45
  0.470000237       2.86805201       2.74831392E-02   4.74101114       3.02348714E-02  0.851559639       1.08343069E-04  -1.63387942       1.40129846E-45
  0.472000241       2.45121002       2.19987817E-02   4.54043722       2.93812063E-02  0.857810259       1.00364938E-04  -1.64349735       1.40129846E-45
  0.474000245       2.16965389       1.82488263E-02   4.39699650       2.86707487E-02  0.863209903       9.43417108E-05  -1.65262020       1.40129846E-45
  0.476000249       1.92543316       1.62102301E-02   4.22148228       2.41818186E-02  0.868580341       8.87641872E-05  -1.66149557       1.40129846E-45
  0.478000253       1.77171862       1.51560381E-02   4.13154173       2.66422499E-02  0.873350084       8.51764780E-05  -1.66998112       1.40129846E-45
  0.480000257       1.72005093       1.65971033E-02   4.00331354       2.69224960E-02  0.877298355       8.38061242E-05  -1.67759609       1.40129846E-45
  0.482000262       1.49009597       1.23276021E-02   3.82152915       2.38881223E-02  0.881529987       7.79937400E-05  -1.68524301       1.40129846E-45
  0.484000266       1.36428833       1.22466302E-02   3.71635079       2.39188056E-02  0.885852158       7.46330043E-05  -1.69312048       1.40129846E-45
  0.486000270       1.26421523       1.13785900E-02   3.52983761       2.34478675E-02  0.889591277       7.18382216E-05  -1.70044458       1.40129846E-45
  0.488000274       1.21563947       1.06983762E-02   3.54283381       2.30213050E-02  0.892914832       7.04760532E-05  -1.70730221       1.40129846E-45
  0.490000278       1.07716155       9.43936687E-03   3.37431526       2.24600583E-02  0.896621406       6.62811071E-05  -1.71435940       1.40129846E-45
  0.492000282      0.993994772       8.48331954E-03   3.26942015       2.06935797E-02  0.899896622       6.37097401E-05  -1.72107387       1.40129846E-45
  0.494000286      0.940019071       7.92694744E-03   3.17569828       2.07504872E-02  0.902942896       6.19668499E-05  -1.72754192       1.40129846E-45
  0.496000290      0.872394860       7.61063304E-03   3.07886934       2.05159914E-02  0.905906558       5.96992249E-05  -1.73363769       1.40129846E-45
  0.498000294      0.833261847       7.55037460E-03   3.00195241       1.96904112E-02  0.908547997       5.83420042E-05  -1.73953283       1.40129846E-45
  0.500000298      0.765478969       6.76809903E-03   2.90995145       1.74959805E-02  0.911176980       5.58918255E-05  -1.74520874       1.40129846E-45
  0.502000272      0.733452618       6.54708128E-03   2.84182596       1.76505279E-02  0.913877010       5.47268282E-05  -1.75120795       1.40129846E-45
  0.504000247      0.691970229       6.24759775E-03   2.75902390       1.77045930E-02  0.916206896       5.31470687E-05  -1.75650358       1.40129846E-45
  0.506000221      0.648624659       6.12344127E-03   2.64117694       1.70057919E-02  0.918589115       5.14480416E-05  -1.76201057       1.40129846E-45
  0.508000195      0.608549356       5.66261355E-03   2.60884571       1.65248010E-02  0.921025932       4.98533627E-05  -1.76754034       1.40129846E-45
  0.510000169      0.566670179       5.13231242E-03   2.52371526       1.63611788E-02  0.923296571       4.80861490E-05  -1.77278066       1.40129846E-45
  0.512000144      0.541861951       4.84108832E-03   2.44907236       1.58659033E-02  0.925416946       4.70417544E-05  -1.77780628       1.40129846E-45
  0.514000118      0.507212400       4.70519625E-03   2.37607265       1.50625892E-02  0.927437842       4.54903711E-05  -1.78248048       1.40129846E-45
  0.516000092      0.485257626       4.63052792E-03   2.31571722       1.51758706E-02  0.929275215       4.45176556E-05  -1.78710032       1.40129846E-45
  0.518000066      0.464951545       4.44258144E-03   2.26600480       1.40711693E-02  0.931186974       4.35528309E-05  -1.79167998       1.40129846E-45
  0.520000041      0.435990423       4.33625141E-03   2.20363545       1.43306544E-02  0.933148444       4.21832920E-05  -1.79646599       1.40129846E-45
  0.522000015      0.415711105       4.19637701E-03   2.13333797       1.40047530E-02  0.934732914       4.12045738E-05  -1.80048943       1.40129846E-45
  0.523999989      0.399553388       4.07759845E-03   2.08226514       1.33044533E-02  0.936360061       4.03909071E-05  -1.80462205       1.40129846E-45
  0.525999963      0.379122198       3.91324889E-03   2.02791071       1.22999214E-02  0.937972009       3.93462869E-05  -1.80874109       1.40129846E-45
  0.527999938      0.359432131       3.78923328E-03   1.98760366       1.26230586E-02  0.939634502       3.82944272E-05  -1.81289744       1.40129846E-45
  0.529999912      0.341823637       3.56619665E-03   1.93873382       1.15036452E-02  0.941185236       3.73548573E-05  -1.81693673       1.40129846E-45
  0.531999886      0.329326808       3.57930129E-03   1.87115455       1.22833634E-02  0.942665696       3.66627864E-05  -1.82069504       1.40129846E-45
  0.533999860      0.314981401       3.48261022E-03   1.83241773       1.18088573E-02  0.944105029       3.58641264E-05  -1.82449543       1.40129846E-45
  0.535999835      0.301317692       3.36767407E-03   1.79435432       1.15352822E-02  0.945544362       3.50739647E-05  -1.82821488       1.40129846E-45
  0.537999809      0.292281151       3.20135523E-03   1.76010656       1.06225908E-02  0.946796417       3.45461558E-05  -1.83171296       1.40129846E-45
  0.539999783      0.280912429       3.15693649E-03   1.71928167       1.05666509E-02  0.948021352       3.38617829E-05  -1.83495903       1.40129846E-45
  0.541999757      0.267047703       3.06601450E-03   1.67882669       1.05812103E-02  0.949278057       3.30157527E-05  -1.83833063       1.40129846E-45
  0.543999732      0.256466329       3.06501403E-03   1.62810349       1.05339121E-02  0.950557470       3.23527893E-05  -1.84180140       1.40129846E-45
  0.545999706      0.244866908       3.00018629E-03   1.58924353       1.00522824E-02  0.951697171       3.16158221E-05  -1.84496689       1.40129846E-45
  0.547999680      0.237595588       2.92057311E-03   1.56078899       1.00492667E-02  0.952849388       3.11490949E-05  -1.84807682       1.40129846E-45
