  0.427999973       130.325516      0.603717566       8.40601635       5.29739149E-02  0.252189934       1.47486723E-03  -1.28678119       1.40129846E-45
  0.428999960       131.608749      0.679480016       8.45046329       5.45297377E-02  0.252536595       8.72877717E-04  -1.29362512       1.40129846E-45
  0.429999948       151.311554      0.707443476       9.09922123       5.48287854E-02  0.282611847       1.54668582E-03  -1.30334902       1.40129846E-45
  0.430999935       167.183670      0.674381018       9.54382801       5.72776608E-02  0.314054072       2.13003997E-03  -1.31478238       1.40129846E-45
  0.431999922       175.340256      0.768611372       10.2041864       6.61652610E-02  0.339364231       2.44283397E-03  -1.32484090       1.40129846E-45
  0.432999909       183.527176      0.822421849       10.4981661       6.53367415E-02  0.351175398       1.59792718E-03  -1.33279657       1.40129846E-45
  0.433999896       186.563446      0.875545323       10.9063759       6.62290007E-02  0.399297118       2.30086897E-03  -1.34671187       1.40129846E-45
  0.434999883       178.548569      0.926149547       11.4921274       6.93692639E-02  0.433723778       2.43598688E-03  -1.35824764       1.40129846E-45
  0.435999870       197.314255       1.00160503       11.9161406       7.37215802E-02  0.459308803       3.17865610E-03  -1.37004161       1.40129846E-45
  0.436999857       182.147903      0.994360030       12.1254005       7.38953426E-02  0.473940045       3.09953978E-03  -1.37740099       1.40129846E-45
  0.437999845       152.057343       1.05115843       11.8359976       7.20938146E-02  0.528282166       1.58314465E-03  -1.39349115       1.40129846E-45
  0.438999832       143.003464       1.01786125       11.7669630       7.00313300E-02  0.550133944       2.66576861E-03  -1.40363479       1.40129846E-45
  0.439999819       110.161003       1.04477429       11.1183252       7.00887516E-02  0.593467236       8.86448601E-04  -1.41850531       1.40129846E-45
  0.440999806       115.806427       1.08929896       11.3888121       6.74895793E-02  0.602133989       9.32683644E-04  -1.42660606       1.40129846E-45
  0.441999793       121.244453       1.14014113       11.3838120       7.06129670E-02  0.612448156       1.53549050E-03  -1.43542373       1.40129846E-45
  0.442999780       92.0042419       1.10766411       10.8960886       7.33148754E-02  0.641814351       1.21146336E-03  -1.44671106       1.40129846E-45
  0.443999767       80.6017609       1.01601207       10.5227985       6.51481524E-02  0.662921786       1.00185501E-03  -1.45820260       1.40129846E-45
  0.444999754       51.2163239      0.631874442       9.59742928       6.37246743E-02  0.689833879       6.45192631E-04  -1.47038841       1.40129846E-45
  0.445999742       38.2736015      0.502565742       9.27713108       6.00475147E-02  0.705658257       5.50114491E-04  -1.47885406       1.40129846E-45
  0.446999729       39.4814949      0.552330375       9.08217525       5.81725277E-02  0.711526334       5.24862786E-04  -1.48627448       1.40129846E-45
