100   2.20234506E-02    4.47312929E-02
95    7.92398956E-03    1.49076059E-02
90    -3.20796389E-03   2.99178753E-02
85    1.45930974E-02    2.28525307E-02
80    6.46412373E-03    2.66046096E-02
75    1.51398126E-02    9.29144397E-03
70    1.69807114E-02    8.09388049E-03
65    3.82908918E-02    1.93237197E-02
60    4.79117967E-02    7.67693017E-03
55    6.06258288E-02    1.22394441E-02
50    7.59208351E-02    9.53674316E-03
45    9.88943055E-02    6.40503457E-03
40    0.112591684       5.50163444E-03
35    0.136007980       4.37119510E-03
30    0.154003635       3.09466943E-03
25    0.175035387       1.03238272E-03
20    0.185805842       1.07895932E-03
15    0.188966915       7.43315555E-04
10    0.169592425       5.39479661E-04
9     0.162203610       5.57040505E-04
7     0.143145919       5.79904590E-04
5     0.116962850       2.71838973E-04
4     0.100233451       6.10351562E-05
3     8.07618275E-02    7.77230016E-05
2     5.81481159E-02    5.28579949E-05

