   5.39585296E-03
   5.38860634E-03
   5.38180210E-03
   5.37800509E-03
   5.35270525E-03
   5.37518412E-03
   5.37770940E-03
   5.38074691E-03
   5.35298325E-03
   5.36926370E-03
   5.36528276E-03
   5.38866362E-03
   5.37473382E-03
   5.36091067E-03
   5.37391054E-03
   5.39612211E-03
   5.36227645E-03
   5.37611684E-03
   5.37970755E-03
   5.37620438E-03
   5.37948962E-03
   5.37025742E-03
   5.34791499E-03
   5.39208110E-03
   5.36682457E-03
   5.36827184E-03
   5.36808046E-03
   5.37645398E-03
   5.37261274E-03
   5.37901605E-03
   5.36010461E-03
   5.38865989E-03
   5.37747936E-03
   5.36855077E-03
   5.38406055E-03
   5.38230641E-03
   5.38642006E-03
   5.36731677E-03
   5.38327964E-03
   5.39073255E-03
   5.37468120E-03
   5.35235368E-03
   5.37235057E-03
   5.36841154E-03
   5.36526600E-03
   5.36955241E-03
   5.36903739E-03
   5.37410565E-03
   5.36509976E-03
   5.38211409E-03
   5.35932556E-03
   5.35908528E-03
   5.36721991E-03
   5.37708309E-03
   5.36646275E-03
   5.38627990E-03
   5.36489952E-03
   5.36561338E-03
   5.37109841E-03
   5.37666073E-03
   5.37229935E-03
   5.38257230E-03
   5.37035288E-03
   5.35905873E-03
   5.37663186E-03
   5.37310587E-03
   5.37845539E-03
   5.37310168E-03
   5.33170998E-03
   5.38013317E-03
   5.36685390E-03
   5.36446134E-03
   5.39993122E-03
   5.37398970E-03
   5.38623240E-03
   5.37123019E-03
   5.36730094E-03
   5.38492762E-03
   5.37679065E-03
   5.36588719E-03
   5.38662728E-03
   5.35086822E-03
   5.37850754E-03
   5.36940480E-03
   5.35803568E-03
   5.37707424E-03
   5.38037764E-03
   5.38880378E-03
   5.37858810E-03
   5.38832229E-03
   5.39328298E-03
   5.38026029E-03
   5.38046053E-03
   5.35116810E-03
   5.36900945E-03
   5.38032874E-03
   5.37359342E-03
   5.37467934E-03
   5.39244292E-03
   5.36929723E-03
   5.35981730E-03
   5.37120085E-03
   5.39063755E-03
   5.39121777E-03
   5.38908923E-03
   5.39955916E-03
   5.35285054E-03
   5.38356649E-03
   5.37533173E-03
   5.35993651E-03
   5.38351014E-03
   5.38835954E-03
   5.36790304E-03
   5.36939176E-03
   5.37537690E-03
   5.37501276E-03
   5.36704855E-03
   5.38713066E-03
   5.36849257E-03
   5.35178371E-03
   5.37241157E-03
   5.36010461E-03
   5.37505792E-03
   5.38318465E-03
   5.38190687E-03
   5.38673624E-03
   5.35814138E-03
   5.38582355E-03
   5.37319109E-03
   5.37623232E-03
   5.37531124E-03
   5.37918275E-03
   5.35779819E-03
   5.37690939E-03
   5.38165774E-03
   5.38427522E-03
   5.35504147E-03
   5.36188809E-03
   5.38123213E-03
   5.38514974E-03
   5.36762038E-03
   5.35213575E-03
   5.37124788E-03
   5.35551459E-03
   5.37942722E-03
   5.38345566E-03
   5.36367530E-03
   5.37856435E-03
   5.34719462E-03
   5.38624171E-03
   5.39855147E-03
   5.36152069E-03
   5.39377984E-03
   5.36072580E-03
   5.38886013E-03
   5.34875132E-03
   5.38947107E-03
   5.37690520E-03
   5.38936164E-03
   5.38070174E-03
   5.37274824E-03
   5.35016553E-03
   5.37131308E-03
   5.37679950E-03
   5.37762465E-03
   5.36594540E-03
   5.38201863E-03
   5.37101086E-03
   5.38035296E-03
   5.36812842E-03
   5.36818942E-03
   5.36379218E-03
   5.38373180E-03
   5.37920790E-03
   5.37573220E-03
   5.37808845E-03
   5.36974147E-03
   5.38710970E-03
   5.37082506E-03
   5.37844701E-03
   5.37542021E-03
   5.37204603E-03
   5.35118440E-03
   5.37736062E-03
   5.37398830E-03
   5.35904011E-03
   5.37102576E-03
   5.37652802E-03
   5.35868946E-03
   5.36751514E-03
   5.36077702E-03
   5.38381934E-03
   5.36890794E-03
   5.37938485E-03
   5.39091881E-03
   5.34637226E-03
   5.37252566E-03
   5.37874782E-03
   5.40273404E-03
   5.35811763E-03
   5.37996413E-03
   5.37958043E-03
   5.37984772E-03
   5.38639864E-03
   5.39255748E-03
   5.38336392E-03
   5.37235383E-03
   5.35924081E-03
   5.35829086E-03
   5.38466917E-03
   5.37394034E-03
   5.37488470E-03
   5.36712771E-03
   5.36881061E-03
   5.38900588E-03
   5.36092883E-03
   5.36978384E-03
   5.37097314E-03
   5.40067069E-03
   5.35294460E-03
   5.35461633E-03
   5.40060690E-03
   5.36704017E-03
   5.37763163E-03
   5.36513980E-03
   5.35910483E-03
   5.38333738E-03
   5.37228119E-03
   5.40350890E-03
   5.36752865E-03
   5.37613127E-03
   5.37265232E-03
   5.37699880E-03
   5.39607555E-03
   5.37216570E-03
   5.38537093E-03
   5.36746765E-03
   5.38772112E-03
   5.38445497E-03
   5.38793206E-03
   5.38284332E-03
   5.37846936E-03
   5.37193520E-03
   5.37240785E-03
   5.36415586E-03
   5.36224805E-03
   5.37287584E-03
   5.36587415E-03
   5.36339357E-03
   5.37197851E-03
   5.40091423E-03
   5.37165627E-03
   5.39190508E-03
   5.38696628E-03
   5.38530480E-03
   5.35290549E-03
   5.36604319E-03
   5.36297960E-03
   5.37545932E-03
   5.38080651E-03
   5.36285946E-03
   5.39493700E-03
   5.37739648E-03
   5.37533499E-03
   5.38495462E-03
   5.37980162E-03
   5.36815636E-03
   5.36776381E-03
   5.38316276E-03
   5.39959455E-03
   5.39325923E-03
   5.38617186E-03
   5.38959540E-03
   5.37367677E-03
   5.36447950E-03
   5.37390355E-03
   5.36401151E-03
   5.37399063E-03
   5.35997935E-03
   5.37010934E-03
   5.36670955E-03
   5.36117889E-03
   5.37490146E-03
   5.37910545E-03
   5.38454158E-03
   5.37366141E-03
   5.38107194E-03
   5.37534989E-03
   5.36000542E-03
   5.38746687E-03
   5.36547694E-03
   5.38850017E-03
   5.40417340E-03
   5.36704017E-03
   5.37183648E-03
   5.37484651E-03
   5.37856063E-03
   5.34885749E-03
   5.38807036E-03
   5.38723730E-03
   5.35258697E-03
   5.36534935E-03
   5.37680928E-03
   5.38112922E-03
   5.37147652E-03
   5.35430014E-03
   5.37238969E-03
   5.38858585E-03
   5.36280917E-03
   5.39031718E-03
   5.36489999E-03
   5.36113046E-03
   5.36716031E-03
   5.37734944E-03
   5.37788961E-03
   5.35953045E-03
   5.38173085E-03
   5.37345232E-03
   5.37724653E-03
   5.34846354E-03
   5.37861418E-03
   5.37006464E-03
   5.35703264E-03
   5.37715573E-03
   5.38178766E-03
   5.37192775E-03
   5.35412412E-03
   5.36081800E-03
   5.37355477E-03
   5.34705911E-03
   5.39409090E-03
   5.37583372E-03
   5.36620058E-03
   5.35190152E-03
   5.37557714E-03
   5.36068948E-03
   5.38374810E-03
   5.38218673E-03
   5.37584629E-03
   5.35512250E-03
   5.39037073E-03
   5.37363812E-03
   5.38115483E-03
   5.39629627E-03
   5.38953813E-03
   5.37130190E-03
   5.35763195E-03
   5.37294801E-03
   5.38955629E-03
   5.37615921E-03
   5.37968799E-03
   5.35681704E-03
   5.35757374E-03
   5.37205115E-03
   5.36716916E-03
   5.38671156E-03
   5.36329253E-03
   5.37649915E-03
   5.37485490E-03
   5.36616007E-03
   5.37887774E-03
   5.35611669E-03
   5.37920417E-03
   5.37970662E-03
   5.37020387E-03
   5.36788441E-03
   5.37637528E-03
   5.39158797E-03
   5.36741316E-03
   5.37014892E-03
   5.37498621E-03
   5.37659880E-03
   5.37242601E-03
   5.37402555E-03
   5.37236826E-03
   5.37532242E-03
   5.39356982E-03
   5.37131820E-03
   5.38830645E-03
   5.37943561E-03
   5.38768200E-03
   5.37718553E-03
   5.39326854E-03
   5.36474865E-03
   5.36624528E-03
   5.37823094E-03
   5.37253777E-03
   5.39048668E-03
   5.39984554E-03
   5.38759911E-03
   5.39420778E-03
   5.37780253E-03
   5.37709286E-03
   5.37633710E-03
   5.38463099E-03
   5.36655169E-03
   5.38273389E-03
   5.36578242E-03
   5.35961008E-03
   5.38565358E-03
   5.38083259E-03
   5.37780719E-03
   5.37994225E-03
   5.38582588E-03
   5.37879253E-03
   5.36958594E-03
   5.38428081E-03
   5.35985129E-03
   5.37704211E-03
   5.37169352E-03
   5.36905415E-03
   5.40064974E-03
   5.39264642E-03
   5.37342625E-03
   5.35826152E-03
   5.38463518E-03
   5.39966580E-03
   5.36687905E-03
   5.39107947E-03
   5.34764817E-03
   5.37205441E-03
   5.37395896E-03
   5.37563115E-03
   5.36165480E-03
   5.38405823E-03
   5.38726943E-03
   5.36315190E-03
   5.37887122E-03
   5.38106449E-03
   5.38122887E-03
   5.37267420E-03
   5.37738251E-03
   5.36856987E-03
   5.37480228E-03
   5.36497263E-03
   5.36395889E-03
   5.38467197E-03
   5.39044943E-03
   5.36702899E-03
   5.38622728E-03
   5.37661603E-03
   5.36862202E-03
   5.35991276E-03
   5.37994364E-03
   5.36876265E-03
   5.36719803E-03
   5.37361763E-03
   5.35605336E-03
   5.37896203E-03
   5.36840269E-03
   5.38684754E-03
   5.38264960E-03
   5.37428027E-03
   5.38161164E-03
   5.37650753E-03
   5.36199706E-03
   5.36612095E-03
   5.38254529E-03
   5.37110586E-03
   5.38339000E-03
   5.39611466E-03
   5.39282989E-03
   5.36345411E-03
   5.37739694E-03
   5.38068730E-03
   5.36881946E-03
   5.39478566E-03
   5.37111145E-03
   5.39247831E-03
   5.36892656E-03
   5.39130997E-03
   5.38461097E-03
   5.36941038E-03
   5.36746299E-03
   5.37633710E-03
   5.38110780E-03
   5.40007371E-03
   5.37731359E-03
   5.36795333E-03
   5.37782861E-03
   5.37850568E-03
   5.37453080E-03
   5.37839113E-03
   5.36787510E-03
   5.37924236E-03
   5.37032681E-03
   5.38806105E-03
   5.36358682E-03
   5.35843754E-03
   5.39351162E-03
   5.36833936E-03
   5.38169825E-03
   5.37089072E-03
   5.37787611E-03
   5.36632445E-03
   5.37059177E-03
   5.37588587E-03
   5.38678188E-03
   5.39513258E-03
   5.37138386E-03
   5.38014993E-03
   5.35259582E-03
   5.38428547E-03
   5.36308996E-03
   5.37644885E-03
   5.39978454E-03
   5.35685476E-03
   5.37535036E-03
   5.38955582E-03
   5.36081800E-03
   5.37528237E-03
   5.36363246E-03
   5.37677575E-03
   5.33786463E-03
   5.38711762E-03
   5.37005952E-03
   5.38369315E-03
   5.39603829E-03
   5.38305379E-03
   5.38265612E-03
   5.37112309E-03
   5.37334010E-03
   5.40179946E-03
   5.37582906E-03
   5.36269136E-03
   5.35648875E-03
   5.39831677E-03
   5.37061831E-03
   5.34979906E-03
   5.37495082E-03
   5.39290207E-03
   5.35752997E-03
   5.37411030E-03
   5.40476944E-03
   5.36475377E-03
   5.36765205E-03
   5.36170788E-03
   5.38680563E-03
   5.38145145E-03
   5.37840510E-03
   5.38312225E-03
   5.36647346E-03
   5.35656139E-03
   5.38281770E-03
   5.36366738E-03
   5.37845260E-03
   5.36572514E-03
   5.38111944E-03
   5.38094249E-03
   5.36491536E-03
   5.37860719E-03
   5.37005952E-03
   5.37367770E-03
   5.38906874E-03
   5.34120901E-03
   5.37395244E-03
   5.35807246E-03
   5.37523814E-03
   5.39634703E-03
   5.35524450E-03
   5.36373910E-03
   5.36338286E-03
   5.37352916E-03
   5.39302407E-03
   5.38299093E-03
   5.38255088E-03
   5.40035963E-03
   5.37918787E-03
   5.38046472E-03
   5.37328050E-03
   5.38672041E-03
   5.36380615E-03
   5.36020566E-03
   5.37400413E-03
   5.37493220E-03
   5.35508059E-03
   5.38347336E-03
   5.39146690E-03
   5.36784623E-03
   5.36643434E-03
   5.36789605E-03
   5.40147675E-03
   5.36841759E-03
   5.35707036E-03
   5.35421818E-03
   5.36331208E-03
   5.37188025E-03
   5.38984034E-03
   5.36819687E-03
   5.37665840E-03
   5.38467197E-03
   5.38689783E-03
   5.37608936E-03
   5.38443727E-03
   5.35508571E-03
   5.36581501E-03
   5.39051462E-03
   5.36860200E-03
   5.39644342E-03
   5.37502673E-03
   5.37685817E-03
   5.38764894E-03
   5.35818329E-03
   5.36330696E-03
   5.36172604E-03
   5.38721588E-03
   5.36512351E-03
   5.39175374E-03
   5.36692748E-03
   5.36533631E-03
   5.40481508E-03
   5.35172643E-03
   5.37544303E-03
   5.37336338E-03
   5.37788123E-03
   5.37298108E-03
   5.37747424E-03
   5.39643504E-03
   5.39072277E-03
   5.36575727E-03
   5.37631009E-03
   5.36251673E-03
   5.37430309E-03
   5.36764273E-03
   5.36805997E-03
   5.37959300E-03
   5.38353203E-03
   5.38901286E-03
   5.37971966E-03
   5.38287591E-03
   5.38735231E-03
   5.35783777E-03
   5.37253404E-03
   5.38554555E-03
   5.35830762E-03
   5.36030112E-03
   5.36533166E-03
   5.36641199E-03
   5.36840875E-03
   5.37850428E-03
   5.37916319E-03
   5.35374228E-03
   5.37621835E-03
   5.38850902E-03
   5.40069072E-03
   5.36272349E-03
   5.38271526E-03
   5.37000457E-03
   5.38830739E-03
   5.38759725E-03
   5.36811771E-03
   5.37902256E-03
   5.35806408E-03
   5.37440274E-03
   5.37630497E-03
   5.38537884E-03
   5.37097082E-03
   5.40138828E-03
   5.37892152E-03
   5.37961116E-03
   5.40800625E-03
   5.39406901E-03
   5.36677148E-03
   5.37101878E-03
   5.37138619E-03
   5.36749093E-03
   5.37630171E-03
   5.38288383E-03
   5.37025183E-03
   5.38061559E-03
   5.38373878E-03
   5.37113473E-03
   5.38302446E-03
   5.37681021E-03
   5.34996856E-03
   5.37104206E-03
   5.36228623E-03
   5.36056329E-03
   5.35235973E-03
   5.37782069E-03
   5.37857227E-03
   5.37250284E-03
   5.36536332E-03
   5.37720509E-03
   5.38132293E-03
   5.39156143E-03
   5.39337518E-03
   5.38900774E-03
   5.36790723E-03
   5.37449121E-03
   5.37987240E-03
   5.40515874E-03
   5.36056515E-03
   5.37107186E-03
   5.36818476E-03
   5.37152356E-03
   5.36984298E-03
   5.37168374E-03
   5.37434267E-03
   5.37355430E-03
   5.37071424E-03
   5.36652654E-03
   5.38184121E-03
   5.35484822E-03
   5.36566228E-03
   5.38208988E-03
   5.37649775E-03
   5.38739748E-03
   5.36040822E-03
   5.38534299E-03
   5.37005533E-03
   5.37965819E-03
   5.40270144E-03
   5.36249299E-03
   5.38768061E-03
   5.39666740E-03
   5.38290525E-03
   5.37456479E-03
   5.37571451E-03
   5.39243827E-03
   5.36961947E-03
   5.38150873E-03
   5.35674812E-03
   5.37741976E-03
   5.34911035E-03
   5.38340071E-03
   5.37355570E-03
   5.36439195E-03
   5.37999673E-03
   5.38604520E-03
   5.37910638E-03
   5.38778026E-03
   5.39014023E-03
   5.35298558E-03
   5.38025517E-03
   5.36384992E-03
   5.35854278E-03
   5.37292007E-03
   5.37722604E-03
   5.38427802E-03
   5.39643504E-03
   5.37400553E-03
   5.37944725E-03
   5.37946029E-03
   5.37923351E-03
   5.39913680E-03
   5.38143516E-03
   5.37339645E-03
   5.36028482E-03
   5.38135087E-03
   5.37385046E-03
   5.38830040E-03
   5.34664001E-03
   5.35145029E-03
   5.40440017E-03
   5.38985012E-03
   5.36319939E-03
   5.35686268E-03
   5.36872307E-03
   5.38923033E-03
   5.35457022E-03
   5.38506778E-03
   5.38302679E-03
   5.38778305E-03
   5.35324449E-03
   5.37726516E-03
   5.38143935E-03
   5.34245837E-03
   5.36017772E-03
   5.39225107E-03
   5.39507624E-03
   5.36245247E-03
   5.38615044E-03
   5.38658770E-03
   5.38644195E-03
   5.36936475E-03
   5.37991896E-03
   5.38780866E-03
   5.37804188E-03
   5.39750885E-03
   5.37852244E-03
   5.36698429E-03
   5.37699787E-03
   5.35361003E-03
   5.39617334E-03
   5.36279054E-03
   5.37365396E-03
   5.37806004E-03
   5.39066503E-03
   5.38771646E-03
   5.38075482E-03
   5.35006681E-03
   5.38096903E-03
   5.35431178E-03
   5.39226551E-03
   5.37972618E-03
   5.37466304E-03
   5.35278860E-03
   5.38888993E-03
   5.35842543E-03
   5.39328437E-03
   5.38445171E-03
   5.37264068E-03
   5.40103158E-03
   5.36914496E-03
   5.38265891E-03
   5.35953557E-03
   5.37852012E-03
   5.37825702E-03
   5.36977267E-03
   5.39251976E-03
   5.37240738E-03
   5.38498489E-03
   5.38144773E-03
   5.38460212E-03
   5.37333544E-03
   5.36592910E-03
   5.39063662E-03
   5.39438287E-03
   5.38722938E-03
   5.36997151E-03
   5.39754098E-03
   5.38570946E-03
   5.37174800E-03
   5.40092215E-03
   5.38535975E-03
   5.36556542E-03
   5.36904437E-03
   5.36974007E-03
   5.36087854E-03
   5.35816094E-03
   5.38061280E-03
   5.37062809E-03
   5.38669806E-03
   5.37899323E-03
   5.36357705E-03
   5.38698724E-03
   5.36408322E-03
   5.35352342E-03
   5.39285224E-03
   5.36845066E-03
   5.36315050E-03
   5.38390968E-03
   5.38753252E-03
   5.36032254E-03
   5.35116252E-03
   5.39003033E-03
   5.37957856E-03
   5.35869831E-03
   5.38984081E-03
   5.38121257E-03
   5.37355524E-03
   5.36842272E-03
   5.37083531E-03
   5.37355104E-03
   5.37287351E-03
   5.36967069E-03
   5.40331658E-03
   5.36686881E-03
   5.38561726E-03
   5.36934007E-03
   5.38179604E-03
   5.37023367E-03
   5.38253458E-03
   5.36667183E-03
   5.35285100E-03
   5.40494779E-03
   5.37297362E-03
   5.35546057E-03
   5.40353172E-03
   5.38472692E-03
   5.39724715E-03
   5.38574578E-03
   5.36238495E-03
   5.36835240E-03
   5.38515393E-03
   5.37322462E-03
   5.35920961E-03
   5.37368050E-03
   5.37062436E-03
   5.38212527E-03
   5.38328802E-03
   5.40243275E-03
   5.36591792E-03
   5.36675192E-03
   5.36989002E-03
   5.36946533E-03
   5.38646057E-03
   5.38279302E-03
   5.36417589E-03
   5.38779609E-03
   5.38103748E-03
   5.38004609E-03
   5.38929878E-03
   5.37601113E-03
   5.37547097E-03
   5.38489269E-03
   5.37734386E-03
   5.38200466E-03
   5.36399474E-03
   5.37583046E-03
   5.35381585E-03
   5.37924794E-03
   5.36487252E-03
   5.38922381E-03
   5.36960457E-03
   5.37218107E-03
   5.36179030E-03
   5.39544737E-03
   5.38478699E-03
   5.37214661E-03
   5.37118828E-03
   5.39098168E-03
   5.37022995E-03
   5.38422260E-03
   5.38143888E-03
   5.35695115E-03
   5.36266854E-03
   5.40143345E-03
   5.37933875E-03
   5.38645498E-03
   5.35680726E-03
   5.35247708E-03
   5.37167396E-03
   5.37146116E-03
   5.37558645E-03
   5.37098944E-03
   5.37792733E-03
   5.38818073E-03
   5.36579639E-03
   5.37117943E-03
   5.36609022E-03
   5.38799027E-03
   5.37813315E-03
   5.38275577E-03
   5.38050989E-03
   5.37438923E-03
   5.40008722E-03
   5.40010771E-03
   5.35306055E-03
   5.37395384E-03
   5.38007868E-03
   5.35018416E-03
   5.36080822E-03
   5.35947597E-03
   5.37413824E-03
   5.35360724E-03
   5.37079899E-03
   5.37612801E-03
   5.37387794E-03
   5.37590683E-03
   5.40520530E-03
   5.39657613E-03
   5.37587935E-03
   5.39123453E-03
   5.37355104E-03
   5.40147815E-03
   5.36015071E-03
   5.38925827E-03
   5.37352078E-03
   5.35143539E-03
   5.36377775E-03
   5.40155731E-03
   5.34604630E-03
   5.37976436E-03
   5.37899323E-03
   5.37913106E-03
   5.38128009E-03
   5.37834037E-03
   5.37335267E-03
   5.34837367E-03
   5.38317859E-03
   5.38684800E-03
   5.38546918E-03
   5.38383005E-03
   5.36049157E-03
   5.36969444E-03
   5.38820121E-03
   5.38761774E-03
   5.38060395E-03
   5.39737102E-03
   5.34205185E-03
   5.38277626E-03
   5.36595052E-03
   5.37114637E-03
   5.38789341E-03
   5.38959168E-03
   5.39322803E-03
   5.37646422E-03
   5.36353048E-03
   5.37391752E-03
   5.37366932E-03
   5.39669488E-03
   5.37467888E-03
   5.37539693E-03
   5.38085960E-03
   5.37185790E-03
   5.37080225E-03
   5.39660919E-03
   5.38134668E-03
