   2.06382799    
   2.02610540    
   2.01944447    
   2.00590229    
   2.03305364    
   2.00739408    
   2.07930279    
   2.02972603    
   2.06419325    
   1.98920441    
   2.04007125    
   2.06016350    
   2.05221605    
   2.03252077    
   2.04896665    
   2.01891351    
   2.08463407    
   2.01126122    
   2.02660728    
   2.05756187    
   2.02466607    
   2.05097294    
   2.04361844    
   2.00582266    
   2.03708982    
   2.06756639    
   2.06434751    
   2.08050156    
   2.01109529    
   2.01470661    
   2.04146338    
   2.03335643    
   2.08134532    
   2.10704660    
   2.03136396    
   1.99999261    
   2.00442624    
   2.03811455    
   2.07649255    
   2.05387402    
   2.04264259    
   2.01526928    
   2.00344062    
   2.02843428    
   2.07045603    
   2.05680251    
   2.03501296    
   2.06780243    
   2.02744055    
   1.98305166    
   2.02813339    
   2.09093475    
   2.03495502    
   2.00805855    
   2.04604936    
   2.05138850    
   2.00525665    
   2.04840088    
   2.03378868    
   2.05005884    
   2.06684732    
   2.05427313    
   2.03172493    
   2.09776235    
   2.01446533    
   2.07043386    
   2.08321524    
   2.02143025    
   1.99734449    
   2.01754713    
   2.04571509    
   2.02051425    
   2.04369569    
   2.01724696    
   2.03097725    
   2.01445580    
   1.94994605    
   2.12692952    
   2.06644225    
   2.03498578    
   2.09041810    
   2.01673698    
   2.04195237    
   1.98014939    
   2.05599189    
   2.02054238    
   2.05408645    
   2.08442521    
   2.01209307    
   2.08790922    
   2.03152442    
   2.01529241    
   2.03891253    
   2.00262451    
   2.00984979    
   2.05103207    
   2.12446856    
   2.01764321    
   2.03118134    
   2.05195141    
   2.10628366    
   2.02292299    
   2.06109166    
   2.01985836    
   2.03126717    
   2.08731937    
   2.09811163    
   2.02955198    
   1.98304915    
   2.02312922    
   2.05984187    
   2.04491520    
   1.99244833    
   2.02994514    
   2.00870848    
   2.08842707    
   2.06102872    
   2.07622480    
   2.10672688    
   2.05416441    
   2.01451397    
   2.07801700    
   2.03579521    
   1.98824227    
   2.10144711    
   1.95850313    
   2.03817201    
   2.02973747    
   2.01901555    
   2.04575467    
   2.05898833    
   2.02791858    
   2.09524727    
   2.05305791    
   2.05780292    
   2.05107689    
   1.99622190    
   2.07408142    
   1.98591685    
   2.06971836    
   2.02493143    
   2.08307719    
   2.04420781    
   2.03734303    
   2.05551982    
   1.96529412    
   2.09245586    
   2.05157113    
   2.06068897    
   2.01955390    
   2.04569173    
   2.00829959    
   2.02894783    
   2.05981612    
   2.01997614    
   2.00974226    
   2.11601520    
   2.01476955    
   2.02683568    
   2.05789471    
   2.04704976    
   2.02934504    
   2.07407522    
   1.99947143    
   2.05006480    
   2.02425551    
   2.04421973    
   2.04761100    
   2.00799751    
   2.01921630    
   2.04897285    
   1.98508787    
   2.07250595    
   1.97724748    
   2.02806878    
   1.99101377    
   2.02447462    
   1.99715459    
   1.97491920    
   2.05125976    
   2.01826906    
   2.04225945    
   2.05644464    
   2.05857587    
   2.01196361    
   2.05160427    
   2.01742625    
   2.04001880    
   2.03866434    
   2.05156279    
   2.05844736    
   2.06007099    
   2.07342696    
   2.02001071    
   2.03657746    
   2.01838160    
   2.03700614    
   2.06047916    
   2.04398847    
   2.11223197    
   2.04083610    
   2.02531552    
   2.00193238    
   2.08113003    
   2.05871606    
   2.08597088    
   2.06486535    
   2.06855822    
   2.07805872    
   2.07558298    
   2.02720451    
   2.06428576    
   2.06937051    
   2.05883598    
   2.05566764    
   2.02334380    
   2.00950193    
   2.12293291    
   1.99765372    
   2.04871631    
   2.07381368    
   2.03411388    
   2.05453372    
   2.08504987    
   2.00661349    
   2.07087374    
   2.02417183    
   2.02109504    
   2.02828693    
   1.97712660    
   2.04459763    
   2.05657172    
   2.06050301    
   2.00603580    
   2.03210521    
   2.03306842    
   2.06882596    
   2.01594901    
   2.02038288    
   1.98689377    
   2.04828668    
   1.99281418    
   2.06183338    
   2.06628275    
   2.06729889    
   2.03263760    
   1.97659004    
   2.04931617    
   2.10775828    
   2.00040579    
   2.04950094    
   2.01175261    
   2.08906913    
   2.04637051    
   2.03111672    
   2.06986332    
   2.08805370    
   2.10968280    
   2.03007150    
   2.00153661    
   2.01538944    
   2.02073216    
   2.06165004    
   2.01446772    
   2.10292554    
   2.01937771    
   2.02606630    
   2.05711532    
   2.12738156    
   2.10497594    
   2.07396770    
   2.02240682    
   2.05835080    
   2.06866431    
   1.98971343    
   2.01362610    
   2.02574468    
   2.02144742    
   2.00100684    
   2.00574970    
   2.06166434    
   2.00122404    
   2.06766915    
   2.01685643    
   2.08807445    
   2.05152273    
   2.14304066    
   2.03618860    
   2.02063036    
   2.08601403    
   2.01581860    
   2.08172965    
   2.01219249    
   2.05281138    
   2.07638192    
   2.00464725    
   2.08513689    
   2.05298758    
   2.04966068    
   2.02777600    
   1.99484289    
   2.01539707    
   2.01092958    
   2.01926374    
   2.02363849    
   2.05156469    
   2.07997537    
   2.03861737    
   2.08083844    
   2.06611514    
   2.00783849    
   2.01503062    
   1.95607150    
   2.04565287    
   2.01711607    
   2.07034230    
   2.08302093    
   2.05674505    
   2.06068015    
   2.01798081    
   2.02632356    
   2.03931928    
   2.02756429    
   1.99386477    
   2.06580591    
   2.04212689    
   2.03567982    
   2.04456735    
   1.99323511    
   2.02615762    
   2.06803727    
   2.07141876    
   2.06096721    
   2.09795332    
   2.09230852    
   2.04116893    
   2.06220388    
   2.07799840    
   2.03847885    
   2.00800896    
   2.05788732    
   1.96869850    
   2.00512457    
   2.05687070    
   2.05834365    
   2.01067615    
   2.12762976    
   2.00085902    
   2.07736278    
   2.06817579    
   2.01682138    
   2.05358934    
   1.99657607    
   1.95058894    
   2.04335904    
   2.05249333    
   2.03268671    
   1.99237680    
   1.99393785    
   2.11239743    
   2.04626274    
   2.03089833    
   2.01272321    
   2.07615924    
   2.03495574    
   2.02686167    
   2.04183030    
   2.05038977    
   2.00193214    
   2.02012897    
   2.05690742    
   2.04331255    
   2.08989859    
   2.04008889    
   2.06578755    
   1.99492538    
   2.01819253    
   2.02360487    
   2.05496550    
   2.07379794    
   2.09828854    
   2.03087139    
   2.13357282    
   2.03987694    
   2.03282738    
   2.13096952    
   2.07425761    
   2.04032803    
   2.00457859    
   2.02957606    
   2.05199647    
   1.99915516    
   2.04661989    
   1.99661207    
   2.03369927    
   1.99748147    
   2.08032274    
   2.01179361    
   2.04053116    
   2.08380365    
   2.04249740    
   1.98594463    
   2.04766250    
   2.07302332    
   2.04114366    
   2.01859522    
   1.95731103    
   2.02301693    
   2.05850816    
   1.99786341    
   2.02349591    
   2.01210976    
   2.05368924    
   2.03893352    
   2.05284524    
   2.05314994    
   2.03911328    
   1.99829936    
   2.02481556    
   2.01849985    
   2.06682038    
   2.01783776    
   2.06083322    
   2.03930330    
   2.07699394    
   2.00404787    
   2.08050179    
   2.08258057    
   1.99241507    
   2.02991247    
   1.99745166    
   1.99283266    
   1.99071920    
   2.03400803    
   1.98365390    
   2.06440115    
   2.03888917    
   2.12007213    
   2.04698992    
   2.04245591    
   2.01218557    
   2.02419949    
   1.97154307    
   2.01376414    
   2.07536268    
   1.97850251    
   2.03968120    
   2.00693893    
   2.06348014    
   2.09228134    
   2.05076504    
   2.05186009    
   2.04675221    
   2.03699279    
   2.04953909    
   2.03520083    
   2.06247544    
   2.02447820    
   2.03943944    
   2.04990435    
   2.05987382    
   1.99604404    
   2.02519107    
   2.01536679    
   1.98938155    
   2.06446528    
   1.98155391    
   1.99247336    
   2.04680347    
   2.03453946    
   1.98492754    
   2.04803705    
   2.05351615    
   2.08041620    
   2.05186009    
   2.06478572    
   1.97708535    
   2.00471282    
   2.08236623    
   2.02251339    
   2.01111293    
   2.03689981    
   1.99214160    
   2.02322078    
   2.09060359    
   2.01633739    
   2.00220251    
   2.04767346    
   2.00959897    
   2.06737351    
   2.07117629    
   2.01532841    
   2.08294559    
   2.08659029    
   2.05219555    
   2.06156087    
   2.06006503    
   2.01096082    
   2.07309604    
   2.01426935    
