   2.20954847    
   2.13758302    
   2.32338977    
   2.18551564    
   2.27617431    
   2.13761425    
   2.21834111    
   2.20716882    
   2.07499504    
   2.27318454    
   2.02796698    
   2.04257965    
   2.01329112    
   2.04153442    
   2.09124875    
   2.19706082    
   2.04823112    
   2.06651354    
   2.13771629    
   2.13438511    
   2.07872224    
   2.21000004    
   2.19475579    
   2.10314941    
   2.17649031    
   2.10320854    
   2.02184701    
   2.07550645    
   2.04166889    
   2.14212132    
   2.15007830    
   2.17809534    
   2.02965164    
   2.14739275    
   2.08643532    
   2.07543063    
   2.15246630    
   2.09924817    
   2.12475133    
   2.07767105    
   2.11346292    
   2.04663658    
   2.06804609    
   2.13748813    
   2.20748472    
   2.16327429    
   2.07159281    
   2.16861701    
   2.20767927    
   2.21658587    
   2.12586188    
   2.11776352    
   2.07337570    
   2.19485593    
   2.18956137    
   2.07296681    
   2.07426858    
   2.16694736    
   2.19288683    
   2.19533181    
   2.20690632    
   2.10016274    
   2.05751181    
   2.21860075    
   2.19214845    
   2.11151099    
   2.19074917    
   2.29672527    
   2.13764668    
   2.06705546    
   2.15861726    
   2.03617787    
   2.00207043    
   2.17112446    
   2.02525949    
   2.21153712    
   2.25300193    
   2.16636872    
   2.00356936    
   2.10694432    
   1.99728918    
   2.15154743    
   2.13289165    
   2.19332409    
   2.09122515    
   2.27092695    
   2.14829922    
   2.10809898    
   2.06587529    
   2.28677034    
   2.11495447    
   2.14887333    
   2.13363123    
   2.11431432    
   2.19532371    
   2.00343633    
   1.94414485    
   1.99156332    
   2.01095700    
   2.18479586    
   2.16484284    
   2.04465604    
   2.08866262    
   2.13584447    
   2.16720605    
   2.10473514    
   2.11959004    
   2.15167189    
   2.31801128    
   2.14940071    
   2.06455207    
   2.21038723    
   2.05322003    
   2.15292740    
   2.08382845    
   2.17317176    
   2.10658050    
   2.08282518    
   2.01990056    
   2.10618591    
   2.24957299    
   2.07044601    
   2.18538594    
   1.99628520    
   2.19582319    
   2.14992547    
   2.27781010    
   2.07432818    
   2.16090083    
   2.14565945    
   2.21940804    
   2.04781127    
   2.19871855    
   2.13744807    
   2.16126728    
   2.16445160    
   2.15473008    
   2.19866061    
   2.12188411    
   2.35830426    
   2.12179208    
   2.08292890    
   2.27821279    
   2.17861152    
   2.18593240    
   2.02386808    
   1.97157753    
   2.11573768    
   2.13342881    
   2.24494076    
   2.21754646    
   2.30103636    
   2.19244504    
   2.13728428    
   2.06616020    
   2.26471639    
   2.22978354    
   2.08163667    
   2.05589318    
   2.09305429    
   2.03717971    
   2.05547953    
   2.12444019    
   2.13952732    
   2.40339518    
   2.23400497    
   2.02404189    
   2.20434880    
   2.01532006    
   2.20919633    
   2.09400558    
   2.19098997    
   2.08653855    
   2.30267119    
   2.06127000    
   2.08240461    
   2.14486170    
   2.08665419    
   2.07963824    
   2.00361180    
   2.11531496    
   2.04966378    
   2.01135564    
   2.32817674    
   2.09261346    
   2.06676435    
   2.07461119    
   2.11274648    
   2.19305706    
   2.14831543    
   2.04731345    
   2.02906203    
   2.05210400    
   2.08533549    
   2.02915168    
   2.18587208    
   2.05882001    
   2.20100117    
   1.99774373    
   2.16703320    
   2.02060270    
   2.22893524    
   2.28591394    
   2.13176274    
   2.15444064    
   2.17558932    
   2.10923576    
   2.15369201    
   2.15106106    
   2.13169408    
   2.12714124    
   2.10974073    
   2.11806631    
   2.16056395    
   2.00180840    
   2.03109956    
   2.11819196    
   2.05140543    
   2.07806039    
   2.20621276    
   1.99343860    
   2.22955370    
   2.07758665    
   2.21930671    
   2.07851458    
   2.16562796    
   2.10704422    
   2.06591773    
   2.16798806    
   2.15758276    
   2.10188890    
   2.07984352    
   2.18673277    
   2.26342344    
   2.20816302    
   2.19688034    
   2.18430305    
   2.09629536    
   2.13294554    
   2.14170194    
   2.04397273    
   2.13247514    
   2.11139965    
   2.06860566    
   2.14434266    
   2.15443659    
   2.20148778    
   2.07287765    
   2.19685602    
   2.16056156    
   2.09767914    
   2.00792027    
   2.22796798    
   2.23685932    
   2.07147121    
   2.08724928    
   2.20895696    
   2.21330357    
   2.24964285    
   2.08163285    
   2.06020236    
   2.26906824    
   1.94883740    
   2.12963867    
   2.23209691    
   1.98833525    
   2.15477538    
   2.18464565    
   2.00813556    
   2.12311554    
   2.13273287    
   2.12588072    
   2.12888455    
   2.12117720    
   2.17555523    
   1.99413776    
   2.18932652    
   2.12212157    
   2.28256750    
   2.06961918    
   2.28903127    
   2.06962967    
   2.13560319    
   2.34063768    
   2.04539800    
   2.10540795    
   2.02594280    
   2.18254328    
   2.15206027    
   2.09495044    
   2.01646972    
   2.10095143    
   2.23062897    
   2.08821297    
   2.18319750    
   2.06719422    
   2.21734118    
   2.10703564    
   2.03129029    
   2.16624188    
   2.14197326    
   2.22363591    
   2.10753918    
   1.98119605    
   2.20137024    
   2.04014277    
   2.13516665    
   2.07263422    
   2.12243533    
   2.10016823    
   2.12447166    
   2.25680780    
   2.25687122    
   2.10991669    
   2.11744928    
   2.29518795    
   1.99408865    
   2.07900739    
   2.07746053    
   2.16181540    
   2.03685784    
   2.18469691    
   2.02163792    
   2.14780140    
   2.03093195    
   2.13768053    
   2.17366076    
   1.98388493    
   2.13877487    
   2.09960532    
   2.17291856    
   2.11191201    
   2.05393767    
   2.07229519    
   1.99641216    
   2.20781159    
   2.20637846    
   2.21894670    
   2.18261242    
   2.04959679    
   2.12346506    
   2.07692146    
   2.11653805    
   2.11116457    
   2.14627290    
   2.06435871    
   2.09783697    
   2.07379365    
   2.15326834    
   2.05232763    
   2.18817735    
   2.24015450    
   2.20239854    
   2.00360847    
   2.16691566    
   2.04925656    
   2.08908486    
   1.99578607    
   2.04218245    
   2.11618137    
   2.01990414    
   2.17421651    
   2.04253173    
   2.06737852    
   2.13087416    
   2.17689800    
   2.27715278    
   2.18877006    
   2.12243319    
   1.98624849    
   2.12004638    
   2.02650857    
   2.08565259    
   2.09504318    
   2.11981344    
   2.14823341    
   2.10044718    
   2.12957001    
   2.16722560    
   2.04529428    
   2.12578464    
   2.12931252    
   2.12546539    
   2.20842385    
   2.05690455    
   2.12964177    
   2.01509237    
   2.18603134    
   2.12951255    
   2.11736178    
   2.11161351    
   2.16784573    
   2.16526079    
   2.15850115    
   2.03498054    
   2.25013089    
   2.02872586    
   2.02784228    
   2.19244313    
   2.08558249    
   2.14345646    
   2.28716230    
   2.13948941    
   2.24423742    
   2.04753423    
   2.20392084    
   2.22240114    
   2.20532417    
   2.00938749    
   2.07032156    
   2.14307904    
   2.08146477    
   2.16114092    
   2.02808285    
   1.93800437    
   2.07896757    
   1.97903967    
   2.02626944    
   2.22379279    
   2.16470456    
   2.08597064    
   2.17605042    
   2.21030426    
   2.14468431    
   1.99454117    
   2.07012987    
   2.08676267    
   2.23991203    
   2.09216166    
   2.14678025    
   2.18297362    
   2.14995623    
   2.23863244    
   2.17754912    
   2.12685847    
   2.10114169    
   2.13773847    
   2.05146599    
   2.10139751    
   2.11344981    
   2.06296396    
   2.20439506    
   2.26128435    
   2.17686391    
   2.04023266    
   2.14149404    
   2.23652935    
   2.10494065    
   2.17310572    
   1.96348727    
   2.19940329    
   2.26441193    
   2.09352088    
   2.17824101    
   2.16154337    
   2.23785448    
   2.13220954    
   2.28297830    
   1.95706534    
   2.08164263    
   2.14660525    
   2.14757228    
   2.16522169    
   2.06699252    
   2.10750246    
   2.13269043    
   2.18654847    
   2.15247369    
   2.11781263    
   2.12339377    
   2.13381624    
   2.26101232    
   2.14748359    
   2.10010886    
   2.15311193    
   2.17274404    
   2.03665709    
   2.18878078    
   2.13147306    
   2.29374123    
   2.11277962    
   2.07309747    
   2.20352030    
   2.05406880    
   2.13131428    
   2.13394547    
   2.02852869    
   2.03296518    
   2.22624946    
   1.99306464    
   2.01392531    
   2.10114074    
   2.02383161    
   2.13555932    
   2.20341277    
   2.10734248    
   2.16382885    
   2.10191965    
   2.16512895    
   2.00765586    
   2.06165051    
   2.11453891    
   2.06795239    
   2.15912366    
   2.15503502    
   2.10204601    
   2.17946601    
   2.25357628    
   2.14462066    
   2.09172106    
   2.15960526    
   2.22232175    
   2.16169977    
   2.14258146    
   2.18713808    
   1.97167718    
   2.03740931    
   2.08239317    
   2.01202607    
   2.13930464    
   2.07728529    
   2.07901168    
   2.15126848    
   2.15978837    
   2.05570745    
   2.09910607    
   2.10947514    
   2.31850004    
   2.25558901    
   2.23737621    
   2.13159728    
   2.02947354    
   2.14090967    
   2.06682467    
   2.09192824    
   2.16092110    
   2.13550806    
   2.18814826    
   2.26300478    
   2.01708388    
   2.23822474    
   2.21304941    
   2.07557535    
   2.14923191    
   2.19342661    
   2.25424385    
   2.06965113    
   2.07109571    
   2.12642002    
   2.25988936    
   2.17935967    
   2.03212142    
   2.18342566    
   2.10456443    
   2.12882280    
   2.09380865    
   2.19183373    
   2.12273335    
   2.15748286    
   2.18153811    
   2.12702894    
   2.21029973    
   2.06601143    
   2.19441199    
   1.99383044    
   2.12007499    
   2.22446609    
   2.15121269    
   2.16267014    
   2.43001795    
   2.10114694    
   2.08179593    
   2.12230349    
   2.01656699    
   2.20099592    
   2.12620521    
   2.19181871    
   2.15760255    
   2.24600315    
   2.09609437    
   2.07371807    
   2.17075181    
   2.17616105    
   2.13523221    
   2.16341352    
   2.13476443    
   2.07685781    
   2.06747699    
   2.13542771    
   2.11077404    
   1.99041665    
   2.13949490    
   2.27117014    
   2.06765199    
   2.09503222    
   2.23090744    
   2.10125160    
   2.23001432    
   2.09794903    
   2.03906679    
   2.11273813    
   2.00827813    
   2.07467365    
   2.12321901    
   2.05284786    
   2.14412904    
   2.17644215    
   2.21338058    
   2.06994247    
   2.14234471    
   2.13310623    
   2.28657198    
   2.10060239    
   2.20022655    
   2.15895224    
   2.10982585    
   2.07603002    
   1.98871422    
   2.23416162    
   2.07000494    
   2.15911293    
   2.04452538    
   2.14815187    
   2.13088703    
   2.22353387    
   2.03445625    
   2.12374997    
   2.04112887    
   2.16734791    
   2.10863328    
   2.07132292    
   2.19084239    
   2.14261794    
   2.09886074    
   2.24965167    
   2.18415737    
   2.18508649    
   2.09876204    
   2.18510246    
   2.05322957    
   2.21999550    
   2.19292068    
   2.15475392    
   2.22677159    
   2.25592995    
   2.16713619    
   2.12395310    
   2.08680868    
   2.15372086    
   2.03034472    
   2.09829545    
   2.20723629    
   2.16421485    
   2.12262583    
   2.04602313    
   2.03029203    
   2.18313670    
   2.03986001    
   2.07226872    
   2.14180875    
   2.04281926    
   2.12395430    
   2.27053881    
   2.28414798    
   1.98385906    
   2.14773464    
   2.07103491    
   2.17575550    
   2.07082939    
   1.97628462    
   2.08966851    
   2.21789122    
   2.02878261    
   2.12065816    
   2.19505167    
   2.09066415    
   2.05192709    
   2.12411404    
   2.18472171    
   2.08496189    
   2.18729615    
   2.13416028    
   2.21041441    
   2.10182643    
   2.00386310    
   2.07475328    
   2.19999528    
   2.13695812    
   2.12034130    
   2.05240417    
   2.17344904    
   2.17807269    
   2.16476154    
   2.12624478    
   2.17585564    
   2.10369205    
   2.14843273    
   2.10500956    
   2.06602979    
   2.12984180    
   2.09359026    
   2.07633567    
   2.24197626    
   2.05980015    
   2.15279722    
   2.25882006    
   2.09299493    
   2.23604345    
   2.09919477    
   2.04301262    
   2.11686110    
   2.14342499    
   2.23339343    
   1.99676228    
   2.02861333    
   2.18306112    
   2.20588541    
   2.09237242    
   1.99899328    
   1.97026622    
   2.04589176    
   2.09837604    
   2.11842275    
   2.15129018    
   2.14120960    
   2.16031790    
   2.05230427    
   2.05698609    
   2.11814451    
   2.19218850    
   2.10483575    
   2.13831711    
   2.05402398    
   2.25090528    
   2.07440186    
   2.06179810    
   2.06477523    
   2.15721178    
   2.09055996    
   2.17888904    
   2.09891224    
   2.12203932    
   2.11838150    
   2.07987237    
   2.22180581    
   2.11382270    
   2.04653668    
   2.15554714    
   2.20774221    
   2.08507061    
   2.01957250    
   2.11720133    
   2.11486793    
   2.15265751    
   2.04452610    
   2.12378263    
   2.14749098    
   2.09055328    
   2.03038645    
   2.18194270    
   2.02665329    
   2.04365683    
   2.20721126    
   2.12789917    
   2.09689188    
   2.18025899    
   2.21410418    
   2.10763192    
   2.19011593    
   2.03223062    
   2.14237666    
   2.12805319    
   2.07534790    
   2.10586858    
   1.94786930    
   2.03569174    
   2.19022894    
   2.03556013    
   2.11350870    
   2.07994533    
   1.97338653    
   2.14481997    
   2.07724166    
   2.21114373    
   2.18201399    
   1.96758986    
   1.99466765    
   2.08614540    
   2.21807790    
   2.26233053    
   2.18025637    
   1.99618638    
   2.17802358    
   2.02959323    
   2.15311575    
   2.22741508    
   1.92423558    
   2.05435777    
   2.13833570    
   2.03207302    
   2.12102199    
   2.22126412    
   2.13508844    
   2.14009833    
   2.12835693    
   2.04834247    
   2.22335029    
   1.97059882    
   2.25541019    
   2.23756099    
   2.01898122    
   2.04090714    
   2.26866579    
   2.02829003    
   1.96075380    
   2.18344045    
   2.14918923    
   2.16432953    
   2.13481545    
   2.15693784    
   2.14196324    
   2.11367273    
   2.02342248    
   2.07935286    
   1.98698950    
   2.17746639    
   2.08991289    
   2.15449333    
   2.20795465    
   1.98232484    
   2.14701033    
   2.13295531    
   2.04058552    
   2.07724977    
   2.14908862    
   2.11446357    
   2.31337237    
   2.04594588    
   2.07558703    
   2.12750459    
   2.14487767    
   2.14025998    
   2.08218980    
   2.07536650    
   2.22085595    
   2.08271480    
   2.07296729    
   2.28574276    
   2.20405507    
   2.12438941    
   2.01606059    
   2.15713573    
   2.10430384    
   2.14981365    
   2.06605983    
   2.14953566    
   2.20787764    
   2.06835008    
   2.16136217    
   2.06323719    
   2.12304544    
   2.13264298    
   2.08937931    
   2.03953981    
   2.07869387    
   2.21296525    
   2.17061687    
   1.99067843    
   2.25983572    
   2.08273029    
   2.22058296    
   2.06926227    
   2.13515973    
   2.24199486    
   2.08282948    
   2.09435463    
   2.15405774    
   2.25111365    
   2.08293223    
   2.12887740    
   2.01397371    
   2.12105227    
   2.17676735    
   1.93768048    
   2.12102938    
   2.19539380    
   2.23790455    
   2.22594571    
   2.09301281    
   2.27613163    
   2.23248506    
   2.11935592    
   2.04791570    
   2.13246679    
   2.04162002    
   2.05269146    
   2.03163695    
   2.11247325    
   2.06516075    
   2.16916323    
   2.20828915    
   2.14990425    
   2.27573037    
   2.07224250    
   2.19341660    
   1.98066735    
   2.14294600    
   2.14376473    
   2.14854240    
   2.17716122    
   2.33276868    
   1.98599470    
   2.12804103    
   2.17102122    
   2.25994849    
   2.23702002    
   2.14898038    
   2.16579247    
   2.00472999    
   2.11760688    
   2.06387782    
   2.13393641    
   2.34164810    
   2.36087537    
   2.08079743    
   2.04833961    
   2.06529164    
   2.10993552    
   2.10411668    
   2.11075211    
   2.19016981    
   2.27599430    
   2.14083314    
   2.17272377    
   2.29778266    
   2.19049644    
   2.10587764    
   2.24679613    
   2.15869045    
   2.18009925    
   2.06266499    
   2.18005490    
   2.14536357    
   2.08195257    
   2.10222769    
   2.28175688    
   2.10533023    
   2.21028090    
   2.18591547    
   2.07068324    
   2.18759322    
   1.92261922    
   2.08200216    
   2.12537599    
   2.01515365    
   2.18434691    
   2.08667469    
   2.23484755    
   2.07006955    
   2.00034833    
   2.16816545    
   2.01792336    
   2.13813281    
   2.01000476    
   2.03980327    
   2.22499704    
   2.13745475    
   2.12084961    
   2.02389812    
   2.15432239    
   2.13986850    
   2.17961764    
   2.13669205    
   2.14236975    
   2.06881618    
   2.16933966    
   2.12241387    
   2.06444883    
   2.20991063    
   2.21183586    
   2.16839194    
   2.17431617    
   2.10933590    
   2.10900521    
   2.15310979    
   2.05252337    
   2.20044208    
   2.06295156    
   2.02667999    
   2.16269493    
   2.25209379    
   2.03632355    
   2.06212354    
   2.10018563    
   1.97456717    
   2.11575389    
   2.19897389    
   2.10664058    
   2.08878899    
   1.97761023    
