 	   1  -1.04254794    
           2  -1.06574082    
           3 -0.900638103    
           4  -1.00610340    
           5  -1.21841264    
           6 -0.955491245    
           7 -0.904298782    
           8  -1.14707315    
           9  -1.02725792    
          10  -1.22079706    
          11 -0.878285408    
          12 -0.505462825    
          13   1.51111111E-02
          14 -0.121018112    
          15 -0.490301609    
          16 -0.355293185    
          17 -0.230465263    
          18  -6.29324690E-02
          19  0.121178865    
          20  0.294540644    
          21  0.234950155    
          22  0.276190400    
          23  0.360827029    
          24  0.139641851    
          25  0.598486185    
          26  0.881335437    
          27  0.593447626    
          28  0.523988843    
          29   6.15924001E-02
          30  -5.56402504E-02
          31 -0.304998875    
          32   5.44620156E-02
          33  -3.65912914E-02
          34 -0.155476153    
          35 -0.235593811    
          36   5.63916564E-03
          37  -2.52804160E-02
          38  -9.85557735E-02
          39 -0.140800491    
          40 -0.125252604    
          41  -6.25324845E-02
          42 -0.144394815    
          43 -0.665319860    
          44 -0.852152944    
          45 -0.974438727    
          46  -1.18937123    
          47  -1.24884391    
          48  -1.14073718    
          49 -0.959089637    
          50 -0.634621084    
          51  -7.88218975E-02
          52  0.226694196    
          53  -1.40121430E-02
          54  0.503585577    
          55  0.202959299    
          56  0.631572127    
          57  0.520562232    
          58  0.760065436    
          59  0.615990996    
          60  0.472222924    
          61  0.415535390    
          62  0.199613675    
          63  0.343760341    
          64  0.458954036    
          65  0.453874052    
          66  0.254847854    
          67  0.296027482    
          68  0.243285239    
          69  -1.22582167E-03
          70 -0.161336467    
          71 -0.369390368    
          72 -0.658240616    
          73 -0.521271229    
          74 -0.722026467    
          75 -0.673278451    
          76 -0.852177262    
          77 -0.853800535    
          78  -1.20012736    
          79 -0.853943288    
          80  -1.03554130    
          81 -0.952833533    
          82 -0.854557395    
          83 -0.919189930    
          84  -1.08482385    
          85 -0.840041518    
          86 -0.817686856    
          87 -0.802260339    
          88 -0.441809833    
          89 -0.212491900    
          90 -0.570387840    
          91 -0.574131489    
          92 -0.492534459    
          93 -0.503631830    
          94 -0.473894596    
          95 -0.318853319    
          96 -0.467745662    
          97 -0.656079054    
          98 -0.611880720    
          99 -0.457998216    
         100 -0.545885563    
         101 -0.646103919    
         102 -0.742454588    
         103 -0.958515763    
         104 -0.838339329    
         105  -1.09302294    
         106 -0.969921231    
         107 -0.806941688    
         108 -0.844612360    
         109 -0.448427796    
         110 -0.156208664    
         111 -0.300044805    
         112 -0.225399196    
         113 -0.333539993    
         114 -0.457725763    
         115 -0.512155116    
         116 -0.590983987    
         117 -0.154578328    
         118 -0.205869883    
         119 -0.436299026    
         120 -0.493592262    
         121 -0.426551789    
         122 -0.240038320    
         123 -0.170950085    
         124  -9.17333364E-02
         125  -3.19405198E-02
         126 -0.593787730    
         127 -0.239208043    
         128 -0.490175694    
         129 -0.227945685    
         130 -0.233343333    
         131  -4.94684689E-02
         132  -4.62685376E-02
         133  -8.16589370E-02
         134  0.162003234    
         135  0.525644302    
         136  0.646572173    
         137  0.327547610    
         138   4.48006392E-02
         139   9.94783491E-02
         140  -2.48288512E-02
         141   3.63182947E-02
         142  -8.74975771E-02
         143   3.52285616E-02
         144  -5.10701835E-02
         145  0.230537832    
         146  0.107739419    
         147  0.386847556    
         148  0.138287291    
         149  0.251030684    
         150  0.193076462    
         151  0.231503010    
         152   7.60371387E-02
         153  0.252022684    
         154  0.299118668    
         155  0.339047253    
         156 -0.378869534    
         157 -0.332554519    
         158 -0.149096876    
         159 -0.326025724    
         160 -0.628404915    
         161 -0.670085728    
         162 -0.480947405    
         163 -0.543140769    
         164 -0.245239913    
         165 -0.406200975    
         166 -0.705383122    
         167  -8.42305720E-02
         168   8.41648877E-03
         169   2.63632983E-02
         170  -5.55144772E-02
         171 -0.131369710    
         172 -0.238870084    
         173 -0.397291839    
         174 -0.248051479    
         175  -9.44767147E-02
         176 -0.229611397    
         177 -0.187990606    
         178 -0.150166437    
         179  0.260836929    
         180   6.58346042E-02
         181 -0.579030871    
         182 -0.228683129    
         183  -7.04496503E-02
         184 -0.357798040    
         185 -0.345020354    
         186 -0.358803689    
         187 -0.444227368    
         188 -0.447069108    
         189 -0.687292337    
         190 -0.664491773    
         191 -0.883675694    
         192 -0.950435042    
         193  -1.24917102    
         194  -1.54401517    
         195  -1.26971292    
         196  -1.29321432    
         197  -1.19817758    
         198  -1.10146832    
         199  -1.21619856    
         200  -1.06607509      