 	   1  -1.15680385    
           2  -1.13360608    
           3 -0.900638103    
           4 -0.725076437    
           5  -1.31219625    
           6 -0.955491245    
           7 -0.904298782    
           8 -0.712231636    
           9  -1.02725792    
          10  -1.22079706    
          11 -0.878285408    
          12 -0.351335138    
          13   1.51111111E-02
          14 -0.149356723    
          15 -0.220746934    
          16 -0.355293185    
          17 -0.230465263    
          18  -6.29324690E-02
          19  0.121178865    
          20  0.460730493    
          21  0.234950155    
          22  0.276190400    
          23  0.360827029    
          24  0.139641851    
          25  0.598486185    
          26   1.02743042    
          27  0.665472507    
          28  0.523988843    
          29   6.15924001E-02
          30 -0.307096303    
          31 -0.304998875    
          32 -0.356811047    
          33  -3.65912914E-02
          34 -0.155476153    
          35 -0.190902293    
          36   5.63916564E-03
          37  -2.52804160E-02
          38 -0.125729978    
          39 -0.162593961    
          40 -0.125252604    
          41  -6.25324845E-02
          42 -0.470712960    
          43 -0.607163608    
          44 -0.852152944    
          45 -0.974438727    
          46  -1.25189924    
          47  -1.23409879    
          48  -1.14073718    
          49 -0.990537465    
          50 -0.634621084    
          51  -7.88218975E-02
          52 -0.195950031    
          53  0.174551815    
          54  0.462326974    
          55  0.202959299    
          56  0.631572127    
          57  0.520562232    
          58  0.760065436    
          59  0.615990996    
          60  0.537374794    
          61  0.192155123    
          62  0.199613675    
          63  0.343760341    
          64  0.727868795    
          65  0.375777483    
          66  0.254847854    
          67  0.296027482    
          68  0.243285239    
          69  -1.22582167E-03
          70 -0.177943766    
          71 -0.435238719    
          72 -0.658240616    
          73 -0.733319402    
          74 -0.722026467    
          75 -0.852102935    
          76 -0.901075840    
          77 -0.992081404    
          78  -1.20012736    
          79 -0.973354697    
          80  -1.03554130    
          81  -1.30132723    
          82  -1.22099876    
          83  -1.26667011    
          84  -1.25627053    
          85  -1.12606823    
          86 -0.825906396    
          87 -0.802260339    
          88 -0.625309587    
          89 -0.658698320    
          90 -0.544864893    
          91 -0.384330720    
          92 -0.419281572    
          93 -0.503631830    
          94 -0.402348012    
          95 -0.518216312    
          96 -0.467745662    
          97 -0.656079054    
          98 -0.440647006    
          99 -0.453155100    
         100 -0.545885563    
	 101 -0.520822287    
         102 -0.742454588    
         103 -0.958515763    
         104 -0.838339329    
         105 -0.924290419    
         106 -0.969921231    
         107 -0.806941688    
         108 -0.844612360    
         109 -0.679692984    
         110 -0.575826526    
         111 -0.300044805    
         112 -0.225399196    
         113 -0.333539993    
         114 -0.264060050    
         115 -0.349547535    
         116 -0.590983987    
         117 -0.154578328    
         118 -0.205869883    
         119 -0.495792657    
         120 -0.493592262    
         121 -0.426551789    
         122 -0.240038320    
         123 -0.170950085    
         124  -9.17333364E-02
         125 -0.210486427    
         126 -0.493375510    
         127 -0.239208043    
         128 -0.407334208    
         129 -0.443316251    
         130 -0.236494973    
         131  -4.94684689E-02
         132 -0.277301729    
         133  -8.16589370E-02
         134  0.162003234    
         135  0.525644302    
         136  0.399723798    
         137  0.387784421    
         138  0.124239221    
         139   9.94783491E-02
         140  0.122200564    
         141  -3.30893397E-02
         142  0.140714794    
         143   3.52285616E-02
         144  -5.10701835E-02
         145  0.230537832    
         146  0.107739419    
         147   6.24783635E-02
         148  0.123898268    
         149  0.251030684    
         150  0.193076462    
         151  0.231503010    
         152   7.60371387E-02
         153   2.12696865E-02
         154  0.299118668    
         155  0.339047253    
         156 -0.378869534    
         157 -0.332554519    
         158 -0.149096876    
         159 -0.326025724    
         160 -0.628404915    
         161 -0.670085728    
         162 -0.480947405    
         163 -0.459038287    
         164 -0.245239913    
         165 -0.406200975    
         166 -0.690783858    
         167  -8.42305720E-02
         168   8.41648877E-03
         169  -5.40822744E-04
         170   6.12341985E-02
         171 -0.131369710    
         172 -0.238870084    
         173 -0.397291839    
         174 -0.421622604    
         175  -9.44767147E-02
         176 -0.229611397    
         177  -8.40619355E-02
         178  0.208357617    
         179  0.144914880    
         180   6.58346042E-02
         181 -0.143269509    
         182 -0.228683129    
         183  -7.04496503E-02
         184 -0.170741513    
         185 -0.345020354    
         186 -0.426413000    
         187 -0.444227368    
         188 -0.689916074    
         189 -0.629225910    
         190 -0.664491773    
         191  -1.10969079    
         192  -1.02483308    
         193 -0.807621479    
         194  -1.10187626    
         195  -1.26971292    
         196  -1.29321432    
         197  -1.19817758    
         198  -1.10146832    
         199  -1.21619856    
         200  -1.29187143        
         